1694870194702131.0000 0.0000 0.0000 0.0000 0.0000 0.0000 0.0000 1.0000
1694870195202123.0000 0.0794 0.0671 0.1195 -0.4250 -0.4248 -0.4249 0.6770
1694870195702122.0000 0.3892 -0.1099 0.2499 0.0488 0.0625 0.0872 0.9930
1694870196202120.0000 0.1669 0.1441 0.1624 -0.0150 -0.0099 -0.0084 0.9998
1694870196702105.0000 0.1962 0.2149 0.2460 0.5509 0.5576 0.5512 0.2859
1694870197202179.0000 0.1492 0.1701 0.1819 0.5452 0.5498 0.5456 0.3205
1694870197702106.0000 0.2194 0.1769 0.2378 -0.3519 -0.3507 -0.3459 0.7959
1694870198202111.0000 0.1354 0.0888 0.1236 -0.1671 -0.1641 -0.1607 0.9588
1694870198702111.0000 0.0091 0.0262 0.0476 0.3344 0.3384 0.3370 0.8124
1694870199202112.0000 -0.0582 -0.0322 -0.0172 -0.1746 -0.1726 -0.1742 0.9536
1694870199702134.0000 -0.0625 -0.0319 -0.0554 -0.1349 -0.1350 -0.1362 0.9721
1694870200202122.0000 -0.1001 -0.0498 -0.0476 0.5768 0.5760 0.5766 0.0561
1694870200702110.0000 -0.1079 -0.1148 -0.1013 -0.3500 -0.3507 -0.3505 0.7947
1694870201202112.0000 -0.2661 -0.2345 -0.2076 -0.4686 -0.4671 -0.4686 0.5853
1694870201702117.0000 -0.2747 -0.1998 -0.1956 0.5782 0.5760 0.5771 0.0277
1694870202202099.0000 -0.2460 -0.1829 -0.1790 0.5023 0.4995 0.5033 -0.4949
1694870202702141.0000 -0.2796 -0.1857 -0.1905 0.5790 0.5754 0.5776 0.0035
1694870203202140.0000 -0.2830 -0.2029 -0.1993 0.4573 0.4576 0.4550 0.6119
1694870203702110.0000 -0.1991 -0.1715 -0.1651 0.3778 0.3792 0.3786 0.7551
1694870204202120.0000 0.2401 -0.2886 0.0972 0.5535 0.5831 0.5589 -0.2030
1694870204702116.0000 0.2273 0.1355 0.1761 -0.1665 -0.1653 -0.1584 0.9591
1694870205202126.0000 0.1918 0.1843 0.2023 0.1232 0.1305 0.1292 0.9753
1694870205702136.0000 0.1903 0.2023 0.2295 0.1537 0.1623 0.1589 0.9617
1694870206202119.0000 0.3075 -0.1729 0.1872 -0.0501 -0.0406 -0.0193 0.9977
1694870206702131.0000 0.2891 -0.2174 0.1733 0.5574 0.5859 0.5623 -0.1728
1694870207202144.0000 0.2178 -0.2826 0.0663 0.5603 0.5909 0.5749 0.0801
1694870207702121.0000 0.2761 -0.2116 0.1736 0.5291 0.5531 0.5273 -0.3689
1694870208202119.0000 0.3132 -0.1610 0.1832 0.3827 0.4125 0.4110 0.7172
1694870208702538.0000 0.3404 -0.1349 0.1992 0.4843 0.5170 0.5074 0.4907
1694870209202109.0000 0.3354 -0.1196 0.2098 0.3993 0.4289 0.4261 0.6893
1694870209702114.0000 0.2236 -0.3170 0.0793 -0.4682 -0.4900 -0.4601 0.5736
1694870210202114.0000 0.2153 -0.3442 0.0664 0.4979 0.5235 0.4922 -0.4855
1694870210702120.0000 0.2074 -0.3515 0.0487 0.5616 0.5958 0.5741 0.0029
1694870211202131.0000 0.2437 -0.2812 0.1063 0.5602 0.5924 0.5738 0.0769
1694870211702130.0000 0.3024 -0.2221 0.1738 0.5628 0.5944 0.5742 0.0175
1694870212202109.0000 0.3399 -0.1381 0.2200 0.4100 0.4417 0.4372 0.6676
1694870212702144.0000 0.3433 -0.1298 0.2182 0.3376 0.3663 0.3675 0.7854
1694870213202111.0000 0.3552 -0.1353 0.1894 0.1671 0.1864 0.2000 0.9473
1694870213702099.0000 0.3278 -0.1247 0.2288 0.1994 0.2226 0.2307 0.9260
1694870214202113.0000 0.3377 -0.1249 0.2003 0.4459 0.4769 0.4711 0.5931
