1694870194702131.0000 0.0000 0.0000 0.0000 0.0000 0.0000 0.0000 1.0000
1694870195202123.0000 0.1236 0.0437 0.1268 -0.3094 -0.2452 -0.4162 0.8191
1694870195702122.0000 0.2616 0.1098 0.2473 0.7174 0.1093 0.4967 -0.4761
1694870196202120.0000 0.3223 0.0803 0.2561 0.8345 -0.1124 0.5260 -0.1195
1694870196702105.0000 0.3878 0.0232 0.2717 0.9169 -0.0478 0.3912 0.0625
1694870197202179.0000 0.1752 0.2218 0.2391 0.9410 0.0169 0.2482 0.2293
1694870197702106.0000 0.5597 -0.1556 0.2231 0.1495 0.2628 -0.6188 0.7250
1694870198202111.0000 0.9473 -0.5159 0.3251 0.8938 -0.0660 0.4435 0.0005
1694870198702111.0000 1.1220 -0.6892 0.2931 0.4362 0.2416 -0.4724 0.7268
1694870199202112.0000 1.0765 -0.6593 0.2677 0.8895 -0.0645 0.4523 -0.0021
1694870199702134.0000 1.0095 -0.6043 0.2480 0.1379 0.2737 -0.6228 0.7198
1694870200202122.0000 0.8836 -0.4606 0.2902 0.9422 0.0268 0.2293 0.2429
1694870200702110.0000 0.4830 -0.1152 0.2253 0.2212 -0.2600 0.7026 -0.6243
1694870201202112.0000 -0.0085 0.4380 0.2248 0.8171 0.1642 -0.1068 0.5422
1694870201702117.0000 -0.5436 0.8843 0.2097 0.7057 -0.1671 0.6196 -0.3003
1694870202202099.0000 -1.0701 1.3216 0.1542 0.3677 0.2737 -0.5014 0.7338
1694870202702141.0000 -1.6819 2.0263 0.0467 0.9414 0.0044 0.2940 0.1651
1694870203202140.0000 -2.5068 2.5731 -0.0425 -0.2032 0.2573 -0.6545 0.6813
1694870203702110.0000 -3.1118 3.1765 -0.0387 0.7123 0.2129 -0.2516 0.6197
1694870204202120.0000 -3.6784 3.6635 -0.2307 0.8634 -0.0647 0.4960 -0.0654
1694870204702116.0000 -4.2597 4.3232 -0.2039 0.9391 0.0067 0.2896 0.1849
1694870205202126.0000 -4.8303 4.9217 -0.2342 0.6964 0.1789 -0.2701 0.6403
1694870205702136.0000 -5.4296 5.4647 -0.2182 0.2861 0.2612 -0.5584 0.7335
1694870206202119.0000 -5.9488 5.8857 -0.1006 0.2006 -0.2737 0.6977 -0.6309
1694870206702131.0000 -6.3698 6.6023 0.0151 0.6337 -0.2132 0.6507 -0.3599
1694870207202144.0000 -6.9553 7.1876 -0.1212 0.9004 -0.0814 0.4274 0.0010
1694870207702121.0000 2.7253 7.0349 -9.7328 0.5464 -0.1876 0.7465 0.3302
1694870208202119.0000 12.8030 -1.6882 -6.5317 0.0028 -0.2288 0.8067 0.5449
1694870208702538.0000 10.5241 -7.7882 5.5306 -0.5417 -0.1905 0.5871 0.5706
1694870209202109.0000 -1.1688 -3.4537 11.2218 0.8984 0.0862 -0.1638 -0.3983
1694870209702114.0000 -7.4040 5.9044 3.3830 0.9434 -0.0480 0.3162 -0.0880
1694870210202114.0000 -0.2257 8.5098 -8.0005 0.6612 -0.1656 0.6866 0.2529
1694870210702120.0000 11.3252 1.1428 -8.4516 0.1496 -0.2257 0.8189 0.5061
1694870211202131.0000 12.6671 -6.7799 2.6539 -0.4138 -0.2076 0.6671 0.5837
1694870211702130.0000 2.1545 -5.1374 11.2961 0.8337 0.1174 -0.2839 -0.4588
1694870212202109.0000 -6.8365 4.0708 6.5768 0.9644 -0.0135 0.1978 -0.1748
1694870212702144.0000 -2.8580 9.2581 -5.4716 0.7606 -0.1397 0.6108 0.1698
1694870213202111.0000 9.1036 3.9333 -9.5294 0.2930 -0.2174 0.8120 0.4556
1694870213702099.0000 13.9463 -5.0747 -0.4023 -0.2763 -0.2198 0.7315 0.5833
1694870214202113.0000 5.5887 -6.2698 10.3969 0.7497 0.1459 -0.3973 -0.5087
