1694870194697946.0000 0.0000 0.0000 0.0000 0.0000 0.0000 0.0000 1.0000
1694870195198377.0000 0.0000 0.0000 0.0000 0.0000 0.0000 0.0000 1.0000
1694870195698182.0000 0.0000 0.0000 0.0000 0.0000 0.0000 0.0000 1.0000
1694870196198004.0000 0.0000 0.0000 0.0000 0.0000 0.0000 0.0000 1.0000
1694870196698362.0000 0.0000 0.0000 0.0000 0.0000 0.0000 0.0000 1.0000
1694870197198491.0000 0.0000 0.0000 0.0000 0.0000 0.0000 0.0000 1.0000
1694870197698180.0000 0.0000 0.0000 0.0000 0.0000 0.0000 0.0000 1.0000
1694870198197907.0000 0.0000 0.0000 0.0000 0.0000 0.0000 0.0000 1.0000
1694870198698216.0000 0.0000 0.0000 0.0000 0.0000 0.0000 0.0000 1.0000
1694870199198442.0000 0.0000 0.0000 0.0000 0.0000 0.0000 0.0000 1.0000
1694870199698309.0000 0.0000 0.0000 0.0000 0.0000 0.0000 0.0000 1.0000
1694870200198186.0000 0.0000 0.0000 0.0000 0.0000 0.0000 0.0000 1.0000
1694870200698102.0000 0.0000 0.0000 0.0000 0.0000 0.0000 0.0000 1.0000
1694870201197823.0000 0.0000 0.0000 0.0000 0.0000 0.0000 0.0000 1.0000
1694870201697771.0000 0.0000 0.0000 0.0000 0.0000 0.0000 0.0000 1.0000
1694870202197873.0000 0.0000 0.0000 0.0000 0.0000 0.0000 0.0000 1.0000
1694870202698246.0000 0.0000 0.0000 0.0000 0.0000 0.0000 0.0000 1.0000
1694870203198451.0000 0.0000 0.0000 0.0000 0.0000 0.0000 0.0000 1.0000
1694870203698422.0000 0.0000 0.0000 0.0000 0.0000 0.0000 0.0000 1.0000
1694870204198360.0000 0.0000 0.0000 0.0000 0.0000 0.0000 0.0000 1.0000
1694870204698122.0000 0.0000 0.0000 0.0000 0.0000 0.0000 0.0000 1.0000
1694870205197834.0000 0.0000 0.0000 0.0000 0.0000 0.0000 0.0000 1.0000
1694870205697773.0000 0.0000 0.0000 0.0000 0.0000 0.0000 0.0000 1.0000
1694870206197804.0000 0.0000 0.0000 0.0000 0.0000 0.0000 0.0000 1.0000
1694870206698261.0000 0.0000 0.0000 0.0000 0.0000 0.0000 0.0000 1.0000
1694870207198410.0000 0.0000 0.0000 0.0000 0.0000 0.0000 0.0000 1.0000
1694870207698149.0000 0.0000 0.0000 0.0000 0.0000 0.0000 0.0000 1.0000
1694870208197874.0000 0.0000 0.0000 0.0000 0.0000 0.0000 0.0000 1.0000
1694870208698107.0000 0.0000 0.0000 0.0000 0.0000 0.0000 0.0000 1.0000
1694870209198481.0000 0.0000 0.0000 0.0000 0.0000 0.0000 0.0000 1.0000
1694870209698679.0000 0.0000 0.0000 0.0000 0.0000 0.0000 0.0000 1.0000
1694870210198840.0000 0.0000 0.0000 0.0000 0.0000 0.0000 0.0000 1.0000
1694870210698380.0000 0.0000 0.0000 0.0000 0.0000 0.0000 0.0000 1.0000
1694870211197984.0000 0.0000 0.0000 0.0000 0.0000 0.0000 0.0000 1.0000
1694870211697686.0000 0.0000 0.0000 0.0000 0.0000 0.0000 0.0000 1.0000
1694870212197501.0000 0.0000 0.0000 0.0000 0.0000 0.0000 0.0000 1.0000
1694870212697918.0000 0.0000 0.0000 0.0000 0.0000 0.0000 0.0000 1.0000
1694870213198567.0000 0.0000 0.0000 0.0000 0.0000 0.0000 0.0000 1.0000
1694870213698973.0000 0.0000 0.0000 0.0000 0.0000 0.0000 0.0000 1.0000
1694870214199271.0000 0.0000 0.0000 0.0000 0.0000 0.0000 0.0000 1.0000
