1694870194702131.0000 0.0000 0.0000 0.0000 0.0000 0.0000 0.0000 1.0000
1694870195202123.0000 0.0794 0.0671 0.1195 -0.4250 -0.4248 -0.4249 0.6770
1694870195702122.0000 0.3892 -0.1099 0.2499 0.0488 0.0625 0.0872 0.9930
1694870196202120.0000 0.1660 0.1444 0.1629 -0.0148 -0.0096 -0.0082 0.9998
1694870196702105.0000 0.1955 0.2156 0.2460 0.5484 0.5551 0.5488 0.3000
1694870197202179.0000 0.1488 0.1702 0.1823 0.5446 0.5492 0.5450 0.3238
1694870197702106.0000 0.2188 0.1769 0.2384 -0.3530 -0.3519 -0.3470 0.7944
1694870198202111.0000 0.1349 0.0888 0.1241 -0.1686 -0.1657 -0.1622 0.9580
1694870198702111.0000 0.0086 0.0263 0.0480 0.3386 0.3426 0.3411 0.8072
1694870199202112.0000 -0.0584 -0.0321 -0.0171 -0.1774 -0.1754 -0.1771 0.9521
1694870199702134.0000 -0.0624 -0.0320 -0.0554 -0.1360 -0.1362 -0.1374 0.9716
1694870200202122.0000 -0.1053 -0.0490 -0.0432 0.5707 0.5690 0.5702 -0.1598
1694870200702110.0000 -0.1517 -0.1236 -0.0546 0.5721 0.5739 0.5703 0.1346
1694870201202112.0000 -0.2688 -0.2334 -0.2101 -0.4794 -0.4780 -0.4795 0.5583
1694870201702117.0000 -0.2758 -0.1982 -0.1986 0.5773 0.5752 0.5764 0.0605
1694870202202099.0000 -0.2472 -0.1818 -0.1816 0.5113 0.5086 0.5125 -0.4661
1694870202702141.0000 -0.2802 -0.1840 -0.1939 0.5786 0.5750 0.5773 0.0363
1694870203202140.0000 -0.2783 -0.1999 -0.2093 0.4018 0.4021 0.3998 0.7191
1694870203702110.0000 -0.2254 -0.2002 -0.1902 0.3080 0.3097 0.3088 0.8449
1694870204202120.0000 -0.2440 -0.1967 -0.1722 0.1485 0.1515 0.1481 0.9659
1694870204702116.0000 -0.2623 -0.2049 -0.1481 0.5634 0.5610 0.5605 -0.2317
1694870205202126.0000 -0.2446 -0.2145 -0.2016 -0.3819 -0.3809 -0.3836 0.7496
1694870205702136.0000 -0.2613 -0.2018 -0.2391 -0.3560 -0.3559 -0.3611 0.7850
1694870206202119.0000 -0.2719 -0.1773 -0.2586 -0.2693 -0.2703 -0.2775 0.8817
1694870206702131.0000 -0.2751 -0.2053 -0.2664 0.0185 0.0159 0.0140 0.9996
1694870207202144.0000 -0.2743 -0.2086 -0.1951 0.5239 0.5209 0.5241 -0.4237
1694870207702121.0000 -0.2248 -0.2035 -0.1940 0.3330 0.3347 0.3340 0.8158
1694870208202119.0000 -0.2137 -0.1968 -0.1716 -0.3956 -0.3947 -0.3957 0.7288
1694870208702538.0000 -0.2260 -0.1902 -0.1789 0.2399 0.2418 0.2399 0.9091
1694870209202109.0000 -0.2485 -0.1962 -0.2063 0.1596 0.1605 0.1584 0.9611
1694870209702114.0000 -0.2470 -0.2417 -0.1997 -0.2548 -0.2529 -0.2537 0.8982
1694870210202114.0000 -0.2385 -0.2480 -0.2154 -0.2690 -0.2686 -0.2684 0.8851
1694870210702120.0000 -0.2467 -0.2172 -0.1462 0.2393 0.2449 0.2399 0.9084
1694870211202131.0000 -0.2180 -0.1786 -0.1517 0.1994 0.2024 0.1994 0.9378
1694870211702130.0000 -0.2417 -0.1914 -0.1748 0.1260 0.1287 0.1254 0.9756
1694870212202109.0000 -0.2259 -0.2007 -0.1870 -0.2997 -0.2986 -0.3006 0.8548
1694870212702144.0000 -0.2474 -0.2297 -0.2025 -0.4065 -0.4056 -0.4071 0.7103
1694870213202111.0000 -0.2701 -0.2453 -0.1869 0.5214 0.5200 0.5197 -0.4332
1694870213702099.0000 -0.2634 -0.1844 -0.1971 -0.0826 -0.0804 -0.0850 0.9897
1694870214202113.0000 -0.2474 -0.2068 -0.2096 0.2275 0.2286 0.2271 0.9189
