0.0000 0.0000 0.0000 0.0000 0.0000 0.0000 0.0000 1.0000
0.1000 0.0000 -0.0078 0.0157 0.0000 0.0000 0.0000 1.0000
0.2000 0.0000 0.0039 0.0118 0.0000 0.0000 0.0000 1.0000
0.3000 -0.0157 -0.0196 0.0039 0.0000 0.0000 0.0000 1.0000
0.4000 0.0000 -0.0118 0.0000 0.0000 0.0000 0.0000 1.0000
0.5000 -0.0078 -0.0196 -0.0078 0.0000 0.0000 0.0000 1.0000
0.6000 0.0000 -0.0078 0.0000 0.0000 0.0000 0.0000 1.0000
0.7000 -0.0196 -0.0314 -0.0235 0.0000 0.0000 0.0000 1.0000
0.8000 0.0000 -0.0078 -0.0039 0.0000 0.0000 0.0000 1.0000
0.9000 -0.0039 -0.0118 0.0000 0.0000 0.0000 0.0000 1.0000
1.0000 -0.0039 -0.0196 -0.0157 0.0000 0.0000 0.0000 1.0000
1.1000 -0.0039 -0.0157 -0.0039 0.0000 0.0000 0.0000 1.0000
1.2000 -0.0078 -0.0196 -0.0157 0.0000 0.0000 0.0000 1.0000
1.3000 -0.0078 -0.0235 -0.0275 0.0000 0.0000 0.0000 1.0000
1.4000 -0.0039 -0.0196 0.0039 0.0000 0.0000 0.0000 1.0000
1.5000 -0.0039 -0.0196 -0.0078 0.0000 0.0000 0.0000 1.0000
1.6000 -0.0078 -0.0235 -0.0157 0.0000 0.0000 0.0000 1.0000
1.7000 -0.0039 -0.0157 -0.0118 0.0000 0.0000 0.0000 1.0000
1.8000 0.0000 -0.0118 0.0039 0.0000 0.0000 0.0000 1.0000
1.9000 -0.0039 -0.0157 -0.0118 0.0000 0.0000 0.0000 1.0000
2.0000 -0.0078 -0.0431 -0.0588 0.0000 0.0000 0.0000 1.0000
2.1000 -0.0078 -0.0392 -0.0314 0.0000 0.0000 0.0000 1.0000
2.2000 -0.0039 -0.0235 -0.0157 0.0000 0.0000 0.0000 1.0000
2.3000 -0.0078 -0.0196 -0.0235 0.0000 0.0000 0.0000 1.0000
2.4000 -0.0039 -0.0196 -0.0275 0.0000 0.0000 0.0000 1.0000
2.5000 -0.0078 -0.0314 -0.0196 0.0000 0.0000 0.0000 1.0000
2.6000 -0.0039 -0.0314 -0.0196 0.0000 0.0000 0.0000 1.0000
2.7000 -0.0078 -0.0235 -0.0118 0.0000 0.0000 0.0000 1.0000
2.8000 -0.0039 -0.0196 -0.0157 0.0000 0.0000 0.0000 1.0000
2.9000 -0.0039 -0.0196 -0.0078 0.0000 0.0000 0.0000 1.0000
3.0000 -0.0078 -0.0392 -0.0118 0.0000 0.0000 0.0000 1.0000
3.1000 -0.0039 -0.0235 -0.0235 0.0000 0.0000 0.0000 1.0000
3.2000 -0.0078 -0.0235 -0.0196 0.0000 0.0000 0.0000 1.0000
3.3000 -0.0078 -0.0196 0.0039 0.0000 0.0000 0.0000 1.0000
3.4000 -0.0078 -0.0353 -0.0353 0.0000 0.0000 0.0000 1.0000
3.5000 -0.0078 -0.0196 -0.0039 0.0000 0.0000 0.0000 1.0000
3.6000 -0.0118 -0.0275 -0.0235 0.0000 0.0000 0.0000 1.0000
3.7000 -0.0078 -0.0235 -0.0275 0.0000 0.0000 0.0000 1.0000
3.8000 -0.0078 -0.0235 -0.0157 0.0000 0.0000 0.0000 1.0000
3.9000 -0.0078 -0.0235 -0.0157 0.0000 0.0000 0.0000 1.0000
