1.000000000000000000e+00 0.000000000000000000e+00 0.000000000000000000e+00 0.000000000000000000e+00 0.000000000000000000e+00 1.000000000000000000e+00 0.000000000000000000e+00 0.000000000000000000e+00 0.000000000000000000e+00 0.000000000000000000e+00 1.000000000000000000e+00 0.000000000000000000e+00
1.000000000000000000e+00 0.000000000000000000e+00 0.000000000000000000e+00 0.000000000000000000e+00 0.000000000000000000e+00 1.000000000000000000e+00 0.000000000000000000e+00 -7.843137718737125397e-03 0.000000000000000000e+00 0.000000000000000000e+00 1.000000000000000000e+00 1.568627543747425079e-02
1.000000000000000000e+00 0.000000000000000000e+00 0.000000000000000000e+00 0.000000000000000000e+00 0.000000000000000000e+00 1.000000000000000000e+00 0.000000000000000000e+00 3.921568859368562698e-03 0.000000000000000000e+00 0.000000000000000000e+00 1.000000000000000000e+00 1.176470704376697540e-02
1.000000000000000000e+00 0.000000000000000000e+00 0.000000000000000000e+00 -1.568627543747425079e-02 0.000000000000000000e+00 1.000000000000000000e+00 0.000000000000000000e+00 -1.960784289985895157e-02 0.000000000000000000e+00 0.000000000000000000e+00 1.000000000000000000e+00 3.921568393707275391e-03
1.000000000000000000e+00 0.000000000000000000e+00 0.000000000000000000e+00 0.000000000000000000e+00 0.000000000000000000e+00 1.000000000000000000e+00 0.000000000000000000e+00 -1.176470611244440079e-02 0.000000000000000000e+00 0.000000000000000000e+00 1.000000000000000000e+00 0.000000000000000000e+00
1.000000000000000000e+00 0.000000000000000000e+00 0.000000000000000000e+00 -7.843137718737125397e-03 0.000000000000000000e+00 1.000000000000000000e+00 0.000000000000000000e+00 -1.960784289985895157e-02 0.000000000000000000e+00 0.000000000000000000e+00 1.000000000000000000e+00 -7.843136787414550781e-03
1.000000000000000000e+00 0.000000000000000000e+00 0.000000000000000000e+00 0.000000000000000000e+00 0.000000000000000000e+00 1.000000000000000000e+00 0.000000000000000000e+00 -7.843137718737125397e-03 0.000000000000000000e+00 0.000000000000000000e+00 1.000000000000000000e+00 0.000000000000000000e+00
1.000000000000000000e+00 0.000000000000000000e+00 0.000000000000000000e+00 -1.960784383118152618e-02 0.000000000000000000e+00 1.000000000000000000e+00 0.000000000000000000e+00 -3.137254994362592697e-02 0.000000000000000000e+00 0.000000000000000000e+00 1.000000000000000000e+00 -2.352941036224365234e-02
1.000000000000000000e+00 0.000000000000000000e+00 0.000000000000000000e+00 0.000000000000000000e+00 0.000000000000000000e+00 1.000000000000000000e+00 0.000000000000000000e+00 -7.843137718737125397e-03 0.000000000000000000e+00 0.000000000000000000e+00 1.000000000000000000e+00 -3.921568393707275391e-03
1.000000000000000000e+00 0.000000000000000000e+00 0.000000000000000000e+00 -3.921568859368562698e-03 0.000000000000000000e+00 1.000000000000000000e+00 0.000000000000000000e+00 -1.176470611244440079e-02 0.000000000000000000e+00 0.000000000000000000e+00 1.000000000000000000e+00 0.000000000000000000e+00
1.000000000000000000e+00 0.000000000000000000e+00 0.000000000000000000e+00 -3.921568859368562698e-03 0.000000000000000000e+00 1.000000000000000000e+00 0.000000000000000000e+00 -1.960784289985895157e-02 0.000000000000000000e+00 0.000000000000000000e+00 1.000000000000000000e+00 -1.568627357482910156e-02
1.000000000000000000e+00 0.000000000000000000e+00 0.000000000000000000e+00 -3.921568859368562698e-03 0.000000000000000000e+00 1.000000000000000000e+00 0.000000000000000000e+00 -1.568627450615167618e-02 0.000000000000000000e+00 0.000000000000000000e+00 1.000000000000000000e+00 -3.921568393707275391e-03
1.000000000000000000e+00 0.000000000000000000e+00 0.000000000000000000e+00 -7.843137718737125397e-03 0.000000000000000000e+00 1.000000000000000000e+00 0.000000000000000000e+00 -1.960784289985895157e-02 0.000000000000000000e+00 0.000000000000000000e+00 1.000000000000000000e+00 -1.568627357482910156e-02
1.000000000000000000e+00 0.000000000000000000e+00 0.000000000000000000e+00 -7.843137718737125397e-03 0.000000000000000000e+00 1.000000000000000000e+00 0.000000000000000000e+00 -2.352941315621137619e-02 0.000000000000000000e+00 0.000000000000000000e+00 1.000000000000000000e+00 -2.745098248124122620e-02
1.000000000000000000e+00 0.000000000000000000e+00 0.000000000000000000e+00 -3.921568859368562698e-03 0.000000000000000000e+00 1.000000000000000000e+00 0.000000000000000000e+00 -1.960784289985895157e-02 0.000000000000000000e+00 0.000000000000000000e+00 1.000000000000000000e+00 3.921568393707275391e-03
1.000000000000000000e+00 0.000000000000000000e+00 0.000000000000000000e+00 -3.921568859368562698e-03 0.000000000000000000e+00 1.000000000000000000e+00 0.000000000000000000e+00 -1.960784289985895157e-02 0.000000000000000000e+00 0.000000000000000000e+00 1.000000000000000000e+00 -7.843136787414550781e-03
1.000000000000000000e+00 0.000000000000000000e+00 0.000000000000000000e+00 -7.843137718737125397e-03 0.000000000000000000e+00 1.000000000000000000e+00 0.000000000000000000e+00 -2.352941315621137619e-02 0.000000000000000000e+00 0.000000000000000000e+00 1.000000000000000000e+00 -1.568627357482910156e-02
1.000000000000000000e+00 0.000000000000000000e+00 0.000000000000000000e+00 -3.921568859368562698e-03 0.000000000000000000e+00 1.000000000000000000e+00 0.000000000000000000e+00 -1.568627450615167618e-02 0.000000000000000000e+00 0.000000000000000000e+00 1.000000000000000000e+00 -1.176470518112182617e-02
1.000000000000000000e+00 0.000000000000000000e+00 0.000000000000000000e+00 0.000000000000000000e+00 0.000000000000000000e+00 1.000000000000000000e+00 0.000000000000000000e+00 -1.176470611244440079e-02 0.000000000000000000e+00 0.000000000000000000e+00 1.000000000000000000e+00 3.921568393707275391e-03
1.000000000000000000e+00 0.000000000000000000e+00 0.000000000000000000e+00 -3.921568859368562698e-03 0.000000000000000000e+00 1.000000000000000000e+00 0.000000000000000000e+00 -1.568627450615167618e-02 0.000000000000000000e+00 0.000000000000000000e+00 1.000000000000000000e+00 -1.176470518112182617e-02
1.000000000000000000e+00 0.000000000000000000e+00 0.000000000000000000e+00 -7.843137718737125397e-03 0.000000000000000000e+00 1.000000000000000000e+00 0.000000000000000000e+00 -4.313725512474775314e-02 0.000000000000000000e+00 0.000000000000000000e+00 1.000000000000000000e+00 -5.882352963089942932e-02
1.000000000000000000e+00 0.000000000000000000e+00 0.000000000000000000e+00 -7.843137718737125397e-03 0.000000000000000000e+00 1.000000000000000000e+00 0.000000000000000000e+00 -3.921568673104047775e-02 0.000000000000000000e+00 0.000000000000000000e+00 1.000000000000000000e+00 -3.137255087494850159e-02
1.000000000000000000e+00 0.000000000000000000e+00 0.000000000000000000e+00 -3.921568859368562698e-03 0.000000000000000000e+00 1.000000000000000000e+00 0.000000000000000000e+00 -2.352941315621137619e-02 0.000000000000000000e+00 0.000000000000000000e+00 1.000000000000000000e+00 -1.568627357482910156e-02
1.000000000000000000e+00 0.000000000000000000e+00 0.000000000000000000e+00 -7.843137718737125397e-03 0.000000000000000000e+00 1.000000000000000000e+00 0.000000000000000000e+00 -1.960784289985895157e-02 0.000000000000000000e+00 0.000000000000000000e+00 1.000000000000000000e+00 -2.352941036224365234e-02
1.000000000000000000e+00 0.000000000000000000e+00 0.000000000000000000e+00 -3.921568859368562698e-03 0.000000000000000000e+00 1.000000000000000000e+00 0.000000000000000000e+00 -1.960784289985895157e-02 0.000000000000000000e+00 0.000000000000000000e+00 1.000000000000000000e+00 -2.745098248124122620e-02
1.000000000000000000e+00 0.000000000000000000e+00 0.000000000000000000e+00 -7.843137718737125397e-03 0.000000000000000000e+00 1.000000000000000000e+00 0.000000000000000000e+00 -3.137254994362592697e-02 0.000000000000000000e+00 0.000000000000000000e+00 1.000000000000000000e+00 -1.960784196853637695e-02
1.000000000000000000e+00 0.000000000000000000e+00 0.000000000000000000e+00 -3.921568859368562698e-03 0.000000000000000000e+00 1.000000000000000000e+00 0.000000000000000000e+00 -3.137254994362592697e-02 0.000000000000000000e+00 0.000000000000000000e+00 1.000000000000000000e+00 -1.960784196853637695e-02
1.000000000000000000e+00 0.000000000000000000e+00 0.000000000000000000e+00 -7.843137718737125397e-03 0.000000000000000000e+00 1.000000000000000000e+00 0.000000000000000000e+00 -2.352941315621137619e-02 0.000000000000000000e+00 0.000000000000000000e+00 1.000000000000000000e+00 -1.176470518112182617e-02
1.000000000000000000e+00 0.000000000000000000e+00 0.000000000000000000e+00 -3.921568859368562698e-03 0.000000000000000000e+00 1.000000000000000000e+00 0.000000000000000000e+00 -1.960784289985895157e-02 0.000000000000000000e+00 0.000000000000000000e+00 1.000000000000000000e+00 -1.568627357482910156e-02
1.000000000000000000e+00 0.000000000000000000e+00 0.000000000000000000e+00 -3.921568859368562698e-03 0.000000000000000000e+00 1.000000000000000000e+00 0.000000000000000000e+00 -1.960784289985895157e-02 0.000000000000000000e+00 0.000000000000000000e+00 1.000000000000000000e+00 -7.843136787414550781e-03
1.000000000000000000e+00 0.000000000000000000e+00 0.000000000000000000e+00 -7.843137718737125397e-03 0.000000000000000000e+00 1.000000000000000000e+00 0.000000000000000000e+00 -3.921568673104047775e-02 0.000000000000000000e+00 0.000000000000000000e+00 1.000000000000000000e+00 -1.176470518112182617e-02
1.000000000000000000e+00 0.000000000000000000e+00 0.000000000000000000e+00 -3.921568859368562698e-03 0.000000000000000000e+00 1.000000000000000000e+00 0.000000000000000000e+00 -2.352941315621137619e-02 0.000000000000000000e+00 0.000000000000000000e+00 1.000000000000000000e+00 -2.352941036224365234e-02
1.000000000000000000e+00 0.000000000000000000e+00 0.000000000000000000e+00 -7.843137718737125397e-03 0.000000000000000000e+00 1.000000000000000000e+00 0.000000000000000000e+00 -2.352941315621137619e-02 0.000000000000000000e+00 0.000000000000000000e+00 1.000000000000000000e+00 -1.960784196853637695e-02
1.000000000000000000e+00 0.000000000000000000e+00 0.000000000000000000e+00 -7.843137718737125397e-03 0.000000000000000000e+00 1.000000000000000000e+00 0.000000000000000000e+00 -1.960784289985895157e-02 0.000000000000000000e+00 0.000000000000000000e+00 1.000000000000000000e+00 3.921568393707275391e-03
1.000000000000000000e+00 0.000000000000000000e+00 0.000000000000000000e+00 -7.843137718737125397e-03 0.000000000000000000e+00 1.000000000000000000e+00 0.000000000000000000e+00 -3.529411833733320236e-02 0.000000000000000000e+00 0.000000000000000000e+00 1.000000000000000000e+00 -3.529411926865577698e-02
1.000000000000000000e+00 0.000000000000000000e+00 0.000000000000000000e+00 -7.843137718737125397e-03 0.000000000000000000e+00 1.000000000000000000e+00 0.000000000000000000e+00 -1.960784289985895157e-02 0.000000000000000000e+00 0.000000000000000000e+00 1.000000000000000000e+00 -3.921568393707275391e-03
1.000000000000000000e+00 0.000000000000000000e+00 0.000000000000000000e+00 -1.176470611244440079e-02 0.000000000000000000e+00 1.000000000000000000e+00 0.000000000000000000e+00 -2.745098154991865158e-02 0.000000000000000000e+00 0.000000000000000000e+00 1.000000000000000000e+00 -2.352941036224365234e-02
1.000000000000000000e+00 0.000000000000000000e+00 0.000000000000000000e+00 -7.843137718737125397e-03 0.000000000000000000e+00 1.000000000000000000e+00 0.000000000000000000e+00 -2.352941315621137619e-02 0.000000000000000000e+00 0.000000000000000000e+00 1.000000000000000000e+00 -2.745098248124122620e-02
1.000000000000000000e+00 0.000000000000000000e+00 0.000000000000000000e+00 -7.843137718737125397e-03 0.000000000000000000e+00 1.000000000000000000e+00 0.000000000000000000e+00 -2.352941315621137619e-02 0.000000000000000000e+00 0.000000000000000000e+00 1.000000000000000000e+00 -1.568627357482910156e-02
1.000000000000000000e+00 0.000000000000000000e+00 0.000000000000000000e+00 -7.843137718737125397e-03 0.000000000000000000e+00 1.000000000000000000e+00 0.000000000000000000e+00 -2.352941315621137619e-02 0.000000000000000000e+00 0.000000000000000000e+00 1.000000000000000000e+00 -1.568627357482910156e-02
