1694870194697946.0000 0.0000 0.0000 0.0000 0.0000 0.0000 0.0000 1.0000
1694870195198377.0000 0.0794 0.0671 0.1195 -0.4250 -0.4248 -0.4249 0.6770
1694870195698182.0000 0.3892 -0.1099 0.2499 0.0488 0.0625 0.0872 0.9930
1694870196198004.0000 0.1669 0.1441 0.1624 -0.0150 -0.0099 -0.0084 0.9998
1694870196698362.0000 0.1962 0.2150 0.2461 0.5509 0.5575 0.5512 0.2861
1694870197198491.0000 0.1492 0.1701 0.1819 0.5452 0.5498 0.5456 0.3206
1694870197698180.0000 0.2194 0.1769 0.2378 -0.3520 -0.3508 -0.3459 0.7959
1694870198197907.0000 0.1354 0.0889 0.1236 -0.1672 -0.1642 -0.1608 0.9588
1694870198698216.0000 0.0090 0.0262 0.0477 0.3348 0.3388 0.3373 0.8120
1694870199198442.0000 -0.0582 -0.0322 -0.0172 -0.1746 -0.1726 -0.1743 0.9536
1694870199698309.0000 -0.0625 -0.0319 -0.0554 -0.1350 -0.1351 -0.1363 0.9721
1694870200198186.0000 -0.0851 -0.0689 -0.0436 0.3226 0.3256 0.3237 0.8277
1694870200698102.0000 -0.1360 -0.0856 -0.1086 -0.0804 -0.0798 -0.0820 0.9902
1694870201197823.0000 -0.2743 -0.2335 -0.2045 0.5384 0.5375 0.5383 -0.3624
1694870201697771.0000 -0.2732 -0.1951 -0.2044 0.5551 0.5538 0.5546 0.2784
1694870202197873.0000 -0.2455 -0.1810 -0.1840 0.5574 0.5559 0.5590 -0.2603
1694870202698246.0000 -0.2742 -0.1791 -0.2049 0.5593 0.5566 0.5588 0.2550
1694870203198451.0000 -0.2831 -0.1967 -0.2077 0.3711 0.3714 0.3688 0.7670
1694870203698422.0000 -0.1556 -0.1353 -0.1117 0.1802 0.1831 0.1816 0.9492
1694870204198360.0000 -0.0793 -0.0699 -0.0197 0.5331 0.5361 0.5332 0.3796
1694870204698122.0000 -0.1948 -0.1106 -0.0695 0.5791 0.5771 0.5758 0.0062
1694870205197834.0000 -0.2327 -0.2010 -0.1870 -0.4712 -0.4711 -0.4729 0.5765
1694870205697773.0000 -0.2521 -0.2135 -0.2366 -0.4466 -0.4478 -0.4514 0.6295
1694870206197804.0000 -0.2447 -0.2272 -0.2363 -0.1715 -0.1748 -0.1737 0.9539
1694870206698261.0000 -0.2498 -0.2470 -0.2502 -0.2942 -0.2966 -0.2957 0.8591
1694870207198410.0000 -0.2756 -0.2048 -0.1976 0.5644 0.5624 0.5649 -0.2143
1694870207698149.0000 -0.5111 -0.0289 -0.0980 0.4844 0.4703 0.4596 0.5770
1694870208197874.0000 -0.4913 -0.0291 -0.0868 -0.1133 -0.0977 -0.1259 0.9807
1694870208698107.0000 -0.5126 -0.0239 -0.0805 0.5297 0.5126 0.5036 0.4506
1694870209198481.0000 -0.5448 -0.0359 -0.0910 0.4847 0.4706 0.4567 0.5788
1694870209698679.0000 -0.5525 -0.0778 -0.1393 -0.0194 -0.0074 -0.0358 0.9991
1694870210198840.0000 -0.5526 -0.0730 -0.1576 -0.0358 -0.0244 -0.0524 0.9977
1694870210698380.0000 -0.5633 -0.0730 -0.1606 -0.3518 -0.3286 -0.3553 0.8013
1694870211197984.0000 -0.4948 -0.0201 -0.0683 -0.1167 -0.0999 -0.1289 0.9797
1694870211697686.0000 -0.4251 0.0420 -0.0187 -0.2580 -0.2371 -0.2640 0.8986
1694870212197501.0000 -0.3801 0.0632 0.0371 0.5797 0.5554 0.5631 -0.1961
1694870212697918.0000 -0.3447 0.1057 0.0815 0.5914 0.5690 0.5714 -0.0087
1694870213198567.0000 -0.3703 0.1209 0.0707 0.5604 0.5412 0.5350 0.3267
1694870213698973.0000 -0.3369 0.0849 0.0862 0.5646 0.5486 0.5414 0.2953
1694870214199271.0000 -0.3427 0.1151 0.0982 0.5578 0.5312 0.5424 -0.3353
