1694870194702131.0000 0.0000 0.0000 0.0000 0.0000 0.0000 0.0000 1.0000
1694870195202123.0000 0.0734 0.0615 0.1138 -0.4250 -0.4248 -0.4249 0.6770
1694870195702122.0000 0.3910 -0.1254 0.2487 0.0480 0.0617 0.0861 0.9932
1694870196202120.0000 0.4139 -0.1073 0.2995 -0.4805 -0.5087 -0.4708 0.5373
1694870196702105.0000 0.4689 -0.0423 0.3687 0.5265 0.5598 0.5240 -0.3673
1694870197202179.0000 0.3542 -0.1753 0.2335 0.4617 0.5022 0.4946 0.5385
1694870197702106.0000 0.2612 -0.2666 0.1125 0.1624 0.1799 0.1947 0.9505
1694870198202111.0000 0.2355 -0.2347 0.1578 0.5426 0.5725 0.5576 0.2587
1694870198702111.0000 0.3822 -0.1522 0.2611 0.4855 0.5146 0.4770 -0.5214
1694870199202112.0000 0.4628 -0.0454 0.3370 0.5540 0.5951 0.5725 0.1059
1694870199702134.0000 0.1681 -0.3522 0.0841 0.4548 0.4869 0.4796 0.5710
1694870200202122.0000 0.0024 -0.5674 -0.1166 0.5508 0.5814 0.5547 -0.2257
1694870200702110.0000 -0.0168 -0.6140 -0.1084 0.5418 0.5786 0.5598 0.2412
1694870201202112.0000 -0.1136 -0.7137 -0.2373 -0.0559 -0.0490 -0.0237 0.9970
1694870201702117.0000 -0.1222 -0.7202 -0.1984 -0.3856 -0.3996 -0.3659 0.7468
1694870202202099.0000 -0.1385 -0.7304 -0.2214 -0.1169 -0.1111 -0.0852 0.9832
1694870202702141.0000 -0.1467 -0.7453 -0.1999 -0.3768 -0.3881 -0.3546 0.7626
1694870203202140.0000 -0.3697 -0.4911 -0.3634 0.2442 0.2442 0.2440 0.9062
1694870203702110.0000 -0.4192 -0.7192 -0.1011 0.3988 0.4310 0.4031 0.7019
1694870204202120.0000 -0.4583 -0.7513 -0.1016 0.2282 0.2651 0.2432 0.9047
1694870204702116.0000 -0.4664 -0.8151 -0.1665 0.0055 0.0390 0.0329 0.9987
1694870205202126.0000 -0.4916 -0.7872 -0.1069 0.2871 0.3257 0.2986 0.8499
1694870205702136.0000 -0.4578 -0.7500 -0.0503 0.3140 0.3535 0.3233 0.8197
1694870206202119.0000 -0.4101 -0.7045 -0.0548 0.2316 0.2689 0.2466 0.9018
1694870206702131.0000 -0.4092 -0.7028 -0.0781 0.3305 0.3649 0.3393 0.8016
1694870207202144.0000 -0.4166 -0.7481 -0.0714 0.0620 0.0996 0.0877 0.9892
1694870207702121.0000 -0.4025 -0.7038 -0.0906 0.4202 0.4515 0.4231 0.6638
1694870208202119.0000 -0.4183 -0.6993 -0.0646 0.3414 0.3757 0.3486 0.7879
1694870208702538.0000 -0.4019 -0.6944 -0.0728 0.3388 0.3728 0.3469 0.7911
1694870209202109.0000 -0.4153 -0.6857 -0.0822 0.2594 0.2938 0.2714 0.8791
1694870209702114.0000 -0.4981 -0.7841 -0.1334 0.4116 0.4441 0.4134 0.6800
1694870210202114.0000 -0.5165 -0.7795 -0.1330 0.4003 0.4326 0.4017 0.7009
1694870210702120.0000 -0.5188 -0.7949 -0.1295 0.1792 0.2173 0.1961 0.9393
1694870211202131.0000 -0.4903 -0.7951 -0.1259 0.2431 0.2802 0.2577 0.8922
1694870211702130.0000 -0.4148 -0.7008 -0.0653 0.2337 0.2701 0.2481 0.9005
1694870212202109.0000 -0.3510 -0.6419 0.0081 0.5378 0.5411 0.5117 -0.3952
1694870212702144.0000 -0.2996 -0.5828 0.0653 0.5612 0.5693 0.5381 -0.2674
1694870213202111.0000 -0.3185 -0.5923 0.0701 0.5577 0.5634 0.5322 -0.2970
1694870213702099.0000 -0.3032 -0.6043 0.0302 0.5430 0.5489 0.5192 -0.3664
1694870214202113.0000 -0.3326 -0.6218 0.0456 -0.4268 -0.4162 -0.3939 0.6997
