1694870194697946.0000 0.0000 0.0000 0.0000 0.0000 0.0000 0.0000 1.0000
1694870195198377.0000 0.0772 0.0651 0.1175 -0.4250 -0.4248 -0.4249 0.6770
1694870195698182.0000 0.3851 -0.1095 0.2468 0.0489 0.0627 0.0874 0.9930
1694870196198004.0000 -0.1078 -0.0636 -0.0511 -0.4666 -0.4646 -0.4680 0.5894
1694870196698362.0000 -0.0628 -0.0195 0.0056 0.5298 0.5274 0.5303 -0.4000
1694870197198491.0000 0.0688 0.0934 0.1199 0.5364 0.5379 0.5368 0.3671
1694870197698180.0000 0.1675 0.1520 0.1906 -0.2986 -0.3015 -0.2926 0.8569
1694870198197907.0000 0.1096 0.0961 0.1267 -0.1671 -0.1669 -0.1588 0.9586
1694870198698216.0000 0.0175 0.0772 0.0828 0.5267 0.5254 0.5255 0.4129
1694870199198442.0000 -0.0402 0.0060 0.0016 0.5765 0.5761 0.5785 -0.0326
1694870199698309.0000 -0.0950 -0.0248 -0.0579 0.1420 0.1413 0.1388 0.9699
1694870200198186.0000 -0.1028 -0.0901 -0.0596 0.2759 0.2784 0.2768 0.8774
1694870200698102.0000 -0.1784 -0.1085 -0.1284 0.0977 0.0980 0.0946 0.9859
1694870201197823.0000 -0.3067 -0.2738 -0.2427 -0.4241 -0.4218 -0.4247 0.6796
1694870201697771.0000 -0.3232 -0.2466 -0.2299 0.5764 0.5729 0.5750 -0.0941
1694870202197873.0000 -0.3377 -0.2643 -0.2575 -0.4641 -0.4599 -0.4657 0.5969
1694870202698246.0000 -0.3709 -0.2460 -0.2637 0.5760 0.5696 0.5743 -0.1181
1694870203198451.0000 -0.2988 -0.2231 -0.2473 0.3335 0.3321 0.3307 0.8180
1694870203698422.0000 -0.3519 -0.1713 -0.2418 0.0512 0.0505 0.0389 0.9967
1694870204198360.0000 -0.3937 -0.1923 -0.2711 0.5661 0.5558 0.5599 0.2392
1694870204698122.0000 -0.4574 -0.2194 -0.3222 0.5447 0.5318 0.5356 0.3655
1694870205197834.0000 -0.4202 -0.2717 -0.3158 0.5583 0.5502 0.5533 0.2819
1694870205697773.0000 -0.3924 -0.2734 -0.2986 0.5653 0.5589 0.5618 0.2288
1694870206197804.0000 -0.3575 -0.1255 -0.2319 -0.3196 -0.3126 -0.3278 0.8323
1694870206698261.0000 -0.1702 -0.1390 -0.1198 0.2143 0.2161 0.2139 0.9282
1694870207198410.0000 -0.1292 -0.0737 -0.0517 0.5413 0.5386 0.5415 -0.3518
1694870207698149.0000 -0.0259 -0.0289 -0.0001 0.2930 0.2953 0.2946 0.8603
1694870208197874.0000 -0.0437 -0.0465 0.0207 0.5175 0.5171 0.5163 -0.4452
1694870208698107.0000 -0.0327 -0.0216 0.0068 0.1863 0.1886 0.1867 0.9460
1694870209198481.0000 -0.0274 -0.0232 -0.0026 -0.0447 -0.0431 -0.0445 0.9971
1694870209698679.0000 -0.1707 -0.1575 -0.1234 -0.2176 -0.2157 -0.2175 0.9267
1694870210198840.0000 -0.2706 -0.2631 -0.2501 -0.1862 -0.1860 -0.1877 0.9463
1694870210698380.0000 -0.3771 -0.3843 -0.3550 0.5709 0.5712 0.5727 -0.1411
1694870211197984.0000 -0.4201 -0.3596 -0.3396 -0.0284 -0.0253 -0.0310 0.9988
1694870211697686.0000 -0.4113 -0.3522 -0.3322 0.3266 0.3271 0.3234 0.8257
1694870212197501.0000 -0.3179 -0.3490 -0.3265 -0.4776 -0.4487 -0.4822 0.5815
1694870212697918.0000 -0.3014 -0.2830 -0.2593 -0.2938 -0.2920 -0.2952 0.8610
1694870213198567.0000 -0.3003 -0.2918 -0.2379 -0.4187 -0.4164 -0.4183 0.6902
1694870213698973.0000 -0.2698 -0.2640 -0.2538 -0.4671 -0.4674 -0.4697 0.5855
1694870214199271.0000 -0.2864 -0.2204 -0.2301 0.3997 0.3987 0.3977 0.7233
