1694870194697946.0000 0.0000 0.0000 0.0000 0.0000 0.0000 0.0000 1.0000
1694870195198377.0000 1.0710 -0.0017 0.0115 0.0020 0.0027 -0.0005 1.0000
1694870195698182.0000 2.2110 0.0146 -0.0674 0.0051 -0.0172 -0.0008 0.9998
1694870196198004.0000 3.3758 0.0060 0.0399 -0.0001 -0.0010 -0.0000 1.0000
1694870196698362.0000 4.5121 0.0060 0.0544 -0.0017 0.0015 0.0011 1.0000
1694870197198491.0000 5.5305 0.0216 -0.0330 0.0007 -0.0041 0.0011 1.0000
1694870197698180.0000 6.6791 0.0291 -0.0088 0.0027 -0.0101 0.0011 0.9999
1694870198197907.0000 7.8871 0.0300 0.0552 -0.0011 0.0004 0.0018 1.0000
1694870198698216.0000 9.0616 0.0439 0.1047 -0.0003 0.0073 0.0033 1.0000
1694870199198442.0000 10.1769 0.0746 -0.0418 0.0034 -0.0006 0.0070 1.0000
1694870199698309.0000 11.4208 0.1054 0.0750 0.0051 0.0043 0.0148 0.9999
1694870200198186.0000 12.6246 0.1427 0.0761 -0.0004 0.0111 0.0272 0.9996
1694870200698102.0000 13.7186 0.2332 -0.0475 0.0031 0.0076 0.0406 0.9991
1694870201197823.0000 14.9661 0.3534 -0.0019 0.0061 0.0003 0.0580 0.9983
1694870201697771.0000 16.1688 0.5206 0.0139 -0.0032 0.0140 0.0804 0.9967
1694870202197873.0000 17.2758 0.7213 -0.0607 -0.0030 0.0144 0.1027 0.9946
1694870202698246.0000 18.5163 1.0219 -0.1149 0.0051 -0.0008 0.1266 0.9919
1694870203198451.0000 19.7134 1.3613 -0.0750 -0.0037 0.0181 0.1567 0.9875
1694870203698422.0000 20.8093 1.7613 -0.0987 -0.0055 0.0194 0.1863 0.9823
1694870204198360.0000 21.8145 2.1862 -0.1365 -0.0034 0.0175 0.2142 0.9766
1694870204698122.0000 22.7562 2.6422 -0.1892 -0.0031 0.0137 0.2416 0.9703
1694870205197834.0000 23.6713 3.1513 -0.2289 -0.0026 0.0147 0.2675 0.9634
1694870205697773.0000 24.5501 3.7115 -0.2316 -0.0054 0.0173 0.2921 0.9562
1694870206197804.0000 25.4210 4.3228 -0.3109 -0.0014 0.0117 0.3138 0.9494
1694870206698261.0000 26.2754 4.9967 -0.3217 -0.0028 0.0148 0.3330 0.9428
1694870207198410.0000 27.1304 5.7125 -0.3650 -0.0023 0.0130 0.3495 0.9369
1694870207698149.0000 27.9816 6.4598 -0.3924 -0.0035 0.0128 0.3624 0.9319
1694870208197874.0000 28.8185 7.2365 -0.4253 -0.0030 0.0127 0.3718 0.9282
1694870208698107.0000 29.6359 8.0294 -0.4617 -0.0037 0.0134 0.3782 0.9256
1694870209198481.0000 30.4204 8.8183 -0.4806 -0.0059 0.0155 0.3815 0.9242
1694870209698679.0000 31.1257 9.5159 -0.4800 -0.0066 0.0176 0.3832 0.9235
1694870210198840.0000 31.7599 10.1599 -0.5110 -0.0037 0.0153 0.3834 0.9235
1694870210698380.0000 32.3892 10.7870 -0.5693 -0.0027 0.0112 0.3829 0.9237
1694870211197984.0000 33.0454 11.4425 -0.5974 -0.0010 0.0108 0.3819 0.9241
1694870211697686.0000 33.7415 12.1288 -0.6285 -0.0016 0.0103 0.3801 0.9249
1694870212197501.0000 34.4559 12.8392 -0.6594 -0.0019 0.0123 0.3764 0.9264
1694870212697918.0000 35.1773 13.5345 -0.6668 -0.0018 0.0139 0.3727 0.9278
1694870213198567.0000 35.9019 14.2473 -0.6898 -0.0023 0.0147 0.3698 0.9290
1694870213698973.0000 36.5894 14.8674 -0.6659 -0.0071 0.0119 0.3676 0.9299
1694870214199271.0000 37.2544 15.5189 -0.7457 -0.0008 0.0084 0.3665 0.9304
