1694870194697946.0000 0.0000 0.0000 0.0000 0.0000 0.0000 0.0000 1.0000
1694870195198377.0000 0.0794 0.0671 0.1195 -0.4250 -0.4248 -0.4249 0.6770
1694870195698182.0000 0.3892 -0.1099 0.2499 0.0488 0.0625 0.0872 0.9930
1694870196198004.0000 0.1663 0.1444 0.1627 -0.0149 -0.0098 -0.0083 0.9998
1694870196698362.0000 0.1958 0.2153 0.2461 0.5499 0.5566 0.5502 0.2917
1694870197198491.0000 0.1489 0.1702 0.1821 0.5449 0.5495 0.5453 0.3221
1694870197698180.0000 0.2191 0.1769 0.2381 -0.3525 -0.3513 -0.3464 0.7952
1694870198197907.0000 0.1351 0.0888 0.1239 -0.1680 -0.1650 -0.1616 0.9584
1694870198698216.0000 0.0088 0.0263 0.0479 0.3372 0.3412 0.3397 0.8090
1694870199198442.0000 -0.0584 -0.0321 -0.0172 -0.1758 -0.1738 -0.1755 0.9529
1694870199698309.0000 -0.0625 -0.0320 -0.0554 -0.1356 -0.1357 -0.1369 0.9718
1694870200198186.0000 -0.0863 -0.0630 -0.0483 0.4291 0.4312 0.4299 0.6671
1694870200698102.0000 -0.1476 -0.0790 -0.1036 0.0392 0.0401 0.0373 0.9977
1694870201197823.0000 -0.2731 -0.2346 -0.2045 0.5290 0.5280 0.5289 -0.4020
1694870201697771.0000 -0.2739 -0.1961 -0.2027 0.5616 0.5601 0.5610 0.2370
1694870202197873.0000 -0.2459 -0.1817 -0.1830 0.5506 0.5489 0.5521 -0.3014
1694870202698246.0000 -0.2757 -0.1801 -0.2023 0.5652 0.5623 0.5646 0.2134
1694870203198451.0000 -0.2846 -0.1980 -0.2048 0.3953 0.3955 0.3929 0.7300
1694870203698422.0000 -0.0300 -0.0507 -0.0104 -0.2991 -0.3608 -0.3156 0.8251
1694870204198360.0000 -0.0931 -0.0567 -0.0191 0.0620 0.0663 0.0626 0.9939
1694870204698122.0000 -0.1668 -0.0489 -0.0394 0.3930 0.4613 0.4105 0.6814
1694870205197834.0000 -0.1313 -0.0800 0.0064 0.5469 0.6019 0.5309 0.2382
1694870205697773.0000 -0.0842 -0.0570 -0.0165 0.5693 0.5984 0.5282 -0.1969
1694870206197804.0000 -0.1055 0.1190 -0.1241 0.3411 0.3919 0.3621 0.7739
1694870206698261.0000 0.0973 0.1189 -0.2913 -0.2624 -0.2641 -0.2242 0.9007
1694870207198410.0000 -0.0712 0.0002 0.0401 0.5468 0.5960 0.5332 0.2478
1694870207698149.0000 0.0963 0.1071 -0.2832 -0.1571 -0.1483 -0.1132 0.9698
1694870208197874.0000 -0.0430 0.0125 0.0563 -0.0036 0.0568 0.0535 0.9969
1694870208698107.0000 -0.0328 0.0502 0.1052 0.5426 0.5935 0.5299 0.2693
1694870209198481.0000 -0.0437 0.0524 0.1171 0.5082 0.5652 0.5042 0.4100
1694870209698679.0000 -0.1287 -0.0738 0.0365 0.5388 0.5473 0.4851 -0.4182
1694870210198840.0000 -0.1605 -0.1430 -0.1065 -0.3584 -0.3322 -0.2891 0.8232
1694870210698380.0000 -0.2438 0.0281 -0.2625 -0.0952 -0.0525 -0.0482 0.9929
1694870211197984.0000 -0.2631 0.0311 -0.3459 0.5592 0.5724 0.5299 -0.2809
1694870211697686.0000 0.1035 0.1241 -0.3013 0.2862 0.3276 0.3247 0.8398
1694870212197501.0000 -0.0045 0.0842 0.1298 -0.3824 -0.3582 -0.3169 0.7906
1694870212697918.0000 -0.0744 0.2229 -0.1447 0.3774 0.4209 0.3927 0.7254
1694870213198567.0000 -0.0433 -0.0194 0.0695 -0.3282 -0.2982 -0.2607 0.8576
1694870213698973.0000 -0.1244 0.1502 -0.1282 -0.0151 0.0278 0.0258 0.9992
1694870214199271.0000 -0.1459 0.1408 -0.2072 0.4426 0.4831 0.4511 0.6060
