1694870194697946.0000 0.0000 0.0000 0.0000 0.0000 0.0000 0.0000 1.0000
1694870195198377.0000 0.1172 0.0462 0.1340 -0.4904 -0.3599 -0.5141 0.6047
1694870195698182.0000 0.2557 0.1337 0.2415 0.6892 0.1644 0.6467 0.2823
1694870196198004.0000 0.2919 0.1469 0.3038 0.2526 -0.2225 0.1333 0.9321
1694870196698362.0000 0.3113 0.1770 0.4225 0.1623 -0.3321 -0.0720 0.9264
1694870197198491.0000 0.2701 0.0913 0.1079 0.0713 -0.4100 -0.2581 0.8719
1694870197698180.0000 0.0516 0.0474 0.1062 0.7158 0.4369 0.5193 0.1645
1694870198197907.0000 0.1621 0.0330 -0.0161 0.2412 -0.3063 -0.1348 0.9109
1694870198698216.0000 -0.0472 -0.0273 0.0038 0.6586 0.5096 0.5513 -0.0517
1694870199198442.0000 -0.0426 0.0150 -0.0495 0.3975 -0.1854 -0.0040 0.8987
1694870199698309.0000 -0.3560 -0.1921 -0.2832 -0.0761 -0.0780 -0.0708 0.9915
1694870200198186.0000 -0.3480 -0.1768 -0.2097 -0.5307 0.0488 -0.1201 0.8376
1694870200698102.0000 -0.3118 -0.1373 -0.1320 0.8533 -0.1634 0.1394 -0.4752
1694870201197823.0000 -0.2958 -0.0794 -0.1205 0.9635 -0.2373 0.1241 0.0055
1694870201697771.0000 -0.2748 -0.0761 -0.1872 0.8338 -0.2522 0.0778 0.4848
1694870202197873.0000 -0.2717 -0.0920 -0.2234 0.4966 -0.2043 0.0122 0.8435
1694870202698246.0000 -0.2886 -0.1423 -0.2348 0.0358 -0.1056 -0.0564 0.9922
1694870203198451.0000 -0.5013 -0.2623 -0.2223 -0.1925 0.3765 -0.0634 0.9040
1694870203698422.0000 -0.4484 -0.2252 -0.1567 -0.3645 0.7486 -0.0517 0.5515
1694870204198360.0000 -0.3160 -0.1450 -0.1649 -0.4300 0.9017 -0.0250 0.0377
1694870204698122.0000 -0.2280 -0.1337 -0.1894 -0.3697 0.7912 0.0090 -0.4870
1694870205197834.0000 -0.3095 -0.1260 -0.2968 0.3499 -0.2443 -0.1531 0.8913
1694870205697773.0000 -0.5486 -0.1980 -0.1411 0.2389 0.6195 -0.2301 0.7115
1694870206197804.0000 -0.4163 -0.2115 -0.1154 -0.0624 0.9897 -0.1237 -0.0352
1694870206698261.0000 -0.3685 -0.1966 -0.2063 0.3140 -0.5714 -0.0812 0.7539
1694870207198410.0000 -0.4805 -0.1892 -0.2232 0.3154 0.3022 -0.2214 0.8719
1694870207698149.0000 -0.4658 -0.2158 -0.1223 0.0655 0.9350 -0.1852 0.2952
1694870208197874.0000 -0.3759 -0.2139 -0.1705 -0.2366 0.8228 -0.0015 -0.5167
1694870208698107.0000 -0.4310 -0.1864 -0.2344 0.3502 -0.0551 -0.1835 0.9169
1694870209198481.0000 -0.5439 -0.1997 -0.1324 0.2374 0.6532 -0.2389 0.6781
1694870209698679.0000 -0.3533 -0.3012 0.0519 0.0615 0.9730 -0.2093 -0.0759
1694870210198840.0000 -0.2163 -0.0819 -0.3526 0.3785 -0.4686 0.3348 0.7247
1694870210698380.0000 -0.5913 -0.2178 -0.2004 0.4589 0.3768 0.1823 0.7837
1694870211197984.0000 -0.3815 -0.2862 0.0050 -0.0119 0.9450 -0.1284 0.3007
1694870211697686.0000 -0.2727 -0.0777 -0.2321 0.1575 -0.4792 0.7028 0.5016
1694870212197501.0000 -0.5112 -0.2408 -0.1623 0.1123 0.5672 0.4256 0.6961
1694870212697918.0000 -0.2279 -0.0905 -0.0898 -0.1797 0.9177 -0.3477 -0.0681
1694870213198567.0000 -0.2127 -0.1318 -0.3473 0.3049 -0.6140 -0.3353 0.6462
1694870213698973.0000 -0.4188 -0.0075 -0.1926 -0.1663 -0.4213 0.6848 -0.5708
1694870214199271.0000 -0.1309 -0.0765 -0.0340 -0.1570 0.9532 -0.2223 -0.1316
