0.0000 0.0000 0.0000 0.0000 0.0000 0.0000 0.0000 1.0000
0.1000 0.0989 0.0911 0.1146 0.0000 0.0000 0.0000 1.0000
0.2000 0.1641 0.1680 0.1759 0.0003 0.0001 -0.0000 1.0000
0.3000 0.1519 0.1428 0.1680 0.0005 0.0003 0.0624 0.9981
0.4000 0.1689 0.1530 0.1641 0.0007 0.0004 0.1245 0.9922
0.5000 0.1668 0.1436 0.1562 0.0010 0.0005 0.1862 0.9825
0.6000 0.1716 0.1583 0.1641 0.0012 0.0006 0.2471 0.9690
0.7000 0.1710 0.1288 0.1405 0.0014 0.0007 0.3071 0.9517
0.8000 0.1095 0.0954 0.0949 0.0016 0.0008 0.3658 0.9307
0.9000 0.1113 0.0913 0.0988 0.0019 0.0009 0.4232 0.9060
1.0000 0.1197 0.0887 0.0831 0.0021 0.0010 0.4789 0.8779
1.1000 0.1183 0.0932 0.0949 0.0023 0.0011 0.5327 0.8463
1.2000 0.1222 0.0908 0.0831 0.0025 0.0012 0.5845 0.8114
1.3000 0.1278 0.0931 0.0713 0.0026 0.0013 0.6340 0.7734
1.4000 0.1258 0.1009 0.1027 0.0028 0.0014 0.6810 0.7323
1.5000 0.1263 0.1044 0.0909 0.0030 0.0015 0.7253 0.6884
1.6000 0.1308 0.1047 0.0830 0.0031 0.0015 0.7669 0.6418
1.7000 0.1222 0.1101 0.0870 0.0032 0.0016 0.8054 0.5927
1.8000 0.1165 0.1149 0.1027 0.0034 0.0017 0.8408 0.5413
1.9000 0.1207 0.1158 0.0870 0.0035 0.0017 0.8730 0.4878
2.0000 0.1428 0.1326 0.0397 0.0036 0.0018 0.9017 0.4324
2.1000 0.1368 0.1351 0.0672 0.0036 0.0018 0.9269 0.3753
2.2000 0.1205 0.1294 0.0830 0.0037 0.0018 0.9485 0.3167
2.3000 0.1189 0.1266 0.0752 0.0038 0.0019 0.9664 0.2569
2.4000 0.1126 0.1305 0.0713 0.0038 0.0019 0.9806 0.1961
2.5000 0.1165 0.1423 0.0791 0.0038 0.0019 0.9909 0.1346
2.6000 0.1080 0.1448 0.0791 0.0038 0.0019 0.9974 0.0725
2.7000 0.1070 0.1378 0.0870 0.0038 0.0019 0.9999 0.0101
2.8000 0.0996 0.1343 0.0831 0.0038 0.0019 0.9986 -0.0523
2.9000 0.0962 0.1342 0.0910 0.0038 0.0019 0.9934 -0.1145
3.0000 0.0896 0.1534 0.0870 0.0037 0.0018 0.9843 -0.1762
3.1000 0.0876 0.1361 0.0753 0.0036 0.0018 0.9714 -0.2373
3.2000 0.0872 0.1367 0.0792 0.0036 0.0018 0.9547 -0.2974
3.3000 0.0863 0.1323 0.1028 0.0035 0.0017 0.9343 -0.3564
3.4000 0.0712 0.1406 0.0636 0.0034 0.0017 0.9103 -0.4140
3.5000 0.0804 0.1284 0.0950 0.0032 0.0016 0.8827 -0.4700
3.6000 0.0725 0.1328 0.0753 0.0031 0.0015 0.8516 -0.5241
3.7000 0.0718 0.1243 0.0715 0.0030 0.0015 0.8173 -0.5762
3.8000 0.0699 0.1209 0.0832 0.0028 0.0014 0.7797 -0.6261
3.9000 0.0683 0.1172 0.0832 0.0026 0.0013 0.7391 -0.6735
