1694870194702131.0000 0.0000 0.0000 0.0000 0.0000 0.0000 0.0000 1.0000
1694870195202123.0000 0.0794 0.0671 0.1195 -0.4250 -0.4248 -0.4249 0.6770
1694870195702122.0000 0.3892 -0.1099 0.2499 0.0488 0.0625 0.0872 0.9930
1694870196202120.0000 0.1656 0.1444 0.1635 -0.0144 -0.0093 -0.0078 0.9998
1694870196702105.0000 0.1951 0.2164 0.2457 0.5434 0.5501 0.5439 0.3259
1694870197202179.0000 0.1486 0.1701 0.1826 0.5436 0.5483 0.5440 0.3286
1694870197702106.0000 0.2183 0.1767 0.2391 -0.3546 -0.3535 -0.3486 0.7924
1694870198202111.0000 0.1347 0.0885 0.1246 -0.1701 -0.1672 -0.1638 0.9572
1694870198702111.0000 0.0084 0.0262 0.0483 0.3411 0.3452 0.3437 0.8040
1694870199202112.0000 -0.0585 -0.0321 -0.0170 -0.1819 -0.1799 -0.1816 0.9495
1694870199702134.0000 -0.0624 -0.0321 -0.0554 -0.1369 -0.1371 -0.1383 0.9713
1694870200202122.0000 -0.1008 -0.0749 -0.0488 0.2271 0.2304 0.2281 0.9183
1694870200702110.0000 -0.1544 -0.1105 -0.1343 -0.1569 -0.1564 -0.1586 0.9622
1694870201202112.0000 -0.2930 -0.2436 -0.2208 0.5674 0.5667 0.5673 -0.1872
1694870201702117.0000 -0.2786 -0.2023 -0.2220 0.5166 0.5155 0.5162 0.4482
1694870202202099.0000 -0.2526 -0.1893 -0.1987 0.5752 0.5742 0.5770 -0.0806
1694870202702141.0000 -0.2354 -0.1380 -0.1900 0.5365 0.5333 0.5371 0.3732
1694870203202140.0000 -0.2193 -0.1307 -0.1743 0.2981 0.2977 0.2955 0.8574
1694870203702110.0000 -0.1799 -0.1560 -0.1336 0.1045 0.1075 0.1055 0.9830
1694870204202120.0000 -0.1667 -0.1458 -0.0930 0.5399 0.5423 0.5387 0.3525
1694870204702116.0000 -0.2358 -0.1607 -0.1707 0.4458 0.4449 0.4448 0.6368
1694870205202126.0000 -0.2595 -0.2247 -0.2015 0.5211 0.5211 0.5225 -0.4288
1694870205702136.0000 -0.2591 -0.2335 -0.2477 0.5049 0.5068 0.5097 -0.4780
1694870206202119.0000 -0.3713 -0.1597 -0.2690 0.3554 0.3467 0.3402 0.7986
1694870206702131.0000 -0.2432 -0.1969 -0.1513 0.5140 0.5125 0.5136 -0.4576
1694870207202144.0000 -0.2099 -0.1312 -0.1288 0.5763 0.5741 0.5752 -0.0859
1694870207702121.0000 -0.1876 -0.1067 -0.1064 0.5784 0.5765 0.5772 0.0079
1694870208202119.0000 -0.1714 -0.1050 -0.0531 0.5492 0.5503 0.5464 0.3115
1694870208702538.0000 -0.1169 -0.0482 -0.0103 0.5525 0.5529 0.5500 0.2942
1694870209202109.0000 -0.1475 -0.0654 -0.0182 0.5212 0.5220 0.5175 0.4336
1694870209702114.0000 -0.2016 -0.1700 -0.1145 0.5778 0.5782 0.5759 -0.0147
1694870210202114.0000 -0.2507 -0.2441 -0.1919 -0.4484 -0.4480 -0.4476 0.6309
1694870210702120.0000 -0.3210 -0.2573 -0.2417 -0.1119 -0.1072 -0.1166 0.9810
1694870211202131.0000 -0.3950 -0.1816 -0.3003 0.3940 0.3837 0.3793 0.7441
1694870211702130.0000 -0.3954 -0.1702 -0.2930 0.3573 0.3477 0.3414 0.7968
1694870212202109.0000 -0.3162 -0.2867 -0.2590 -0.2868 -0.2818 -0.2889 0.8688
1694870212702144.0000 -0.3153 -0.2752 -0.2610 -0.0727 -0.0690 -0.0767 0.9920
1694870213202111.0000 -0.2973 -0.2370 -0.1921 0.5750 0.5738 0.5732 -0.1078
1694870213702099.0000 -0.2275 -0.2254 -0.1673 0.5756 0.5779 0.5770 -0.0419
1694870214202113.0000 -0.2047 -0.1697 -0.1622 0.0639 0.0647 0.0635 0.9938
