1694870194702131.0000 0.0000 0.0000 0.0000 0.0000 0.0000 0.0000 1.0000
1694870195202123.0000 0.0785 0.0662 0.1186 -0.4250 -0.4248 -0.4249 0.6770
1694870195702122.0000 0.3895 -0.1125 0.2497 0.0487 0.0624 0.0870 0.9931
1694870196202120.0000 0.1961 0.0800 0.1961 0.5623 0.5720 0.5650 -0.1933
1694870196702105.0000 0.2513 0.1468 0.2640 0.5726 0.5827 0.5767 -0.0025
1694870197202179.0000 0.1595 0.1523 0.1880 0.5728 0.5743 0.5746 -0.1091
1694870197702106.0000 0.1038 0.1070 0.1332 -0.2962 -0.2945 -0.2986 0.8581
1694870198202111.0000 0.0772 0.0508 0.0404 0.1171 0.1159 0.1189 0.9791
1694870198702111.0000 0.0438 -0.0302 0.0401 -0.3930 -0.3979 -0.3911 0.7309
1694870199202112.0000 -0.0122 -0.0607 -0.0053 -0.2704 -0.2712 -0.2687 0.8838
1694870199702134.0000 -0.1039 -0.0317 -0.0553 0.1953 0.1955 0.1934 0.9414
1694870200202122.0000 -0.1018 -0.1019 -0.0618 0.0220 0.0256 0.0243 0.9991
1694870200702110.0000 -0.1928 -0.1235 -0.1100 0.3929 0.3949 0.3913 0.7325
1694870201202112.0000 -0.3089 -0.2639 -0.2605 -0.3659 -0.3641 -0.3661 0.7743
1694870201702117.0000 -0.3300 -0.2360 -0.2417 0.5633 0.5603 0.5618 -0.2306
1694870202202099.0000 -0.3058 -0.2121 -0.2294 -0.4122 -0.4084 -0.4129 0.7020
1694870202702141.0000 -0.3448 -0.2197 -0.2354 0.5608 0.5557 0.5587 -0.2541
1694870203202140.0000 -0.3369 -0.2073 -0.2831 0.2216 0.2197 0.2042 0.9279
1694870203702110.0000 -0.3199 -0.3047 -0.2841 0.2367 0.2403 0.2389 0.9106
1694870204202120.0000 -0.2950 -0.3156 -0.2819 0.5593 0.5615 0.5605 -0.2405
1694870204702116.0000 -0.3269 -0.2990 -0.2402 -0.4678 -0.4659 -0.4648 0.5900
1694870205202126.0000 -0.3080 -0.2315 -0.2631 -0.2406 -0.2387 -0.2430 0.9089
1694870205702136.0000 -0.3257 -0.2254 -0.2794 -0.2109 -0.2091 -0.2148 0.9304
1694870206202119.0000 -0.3069 -0.2856 -0.2745 -0.1223 -0.1133 -0.1275 0.9777
1694870206702131.0000 -0.2451 -0.3154 -0.2454 -0.4771 -0.4672 -0.4728 0.5749
1694870207202144.0000 -0.2501 -0.2728 -0.2250 -0.3233 -0.3117 -0.3226 0.8332
1694870207702121.0000 -0.2967 -0.2956 -0.3003 0.4588 0.4544 0.4491 0.6175
1694870208202119.0000 -0.2406 -0.3113 -0.2902 -0.2249 -0.2178 -0.2270 0.9222
1694870208702538.0000 -0.2428 -0.3041 -0.2377 0.5703 0.5617 0.5633 -0.2048
1694870209202109.0000 -0.2289 -0.0656 -0.1030 0.3258 0.3243 0.3167 0.8297
1694870209702114.0000 -0.1996 -0.2004 -0.1500 0.5767 0.5785 0.5767 0.0140
1694870210202114.0000 -0.2304 -0.2052 -0.2250 -0.0588 -0.0586 -0.0604 0.9947
1694870210702120.0000 -0.2683 -0.2805 -0.2241 0.5424 0.5470 0.5443 0.3322
1694870211202131.0000 -0.2779 -0.2978 -0.2522 0.5308 0.5346 0.5328 0.3854
1694870211702130.0000 -0.2179 -0.2703 -0.2317 -0.0097 -0.0038 -0.0144 0.9998
1694870212202109.0000 -0.2201 -0.1959 -0.1932 -0.1069 -0.1054 -0.1076 0.9828
1694870212702144.0000 -0.2118 -0.1973 -0.1898 -0.2026 -0.2014 -0.2032 0.9365
1694870213202111.0000 -0.2159 -0.2268 -0.1790 -0.3727 -0.3717 -0.3715 0.7648
1694870213702099.0000 -0.2387 -0.2308 -0.1611 0.4662 0.4703 0.4664 0.5865
1694870214202113.0000 -0.2307 -0.1920 -0.1598 0.5760 0.5758 0.5749 0.0787
