1694870194697946.0000 0.0000 0.0000 0.0000 0.0000 0.0000 0.0000 1.0000
1694870195198377.0000 0.0794 0.0671 0.1195 -0.4250 -0.4248 -0.4249 0.6770
1694870195698182.0000 0.3892 -0.1099 0.2499 0.0488 0.0625 0.0872 0.9930
1694870196198004.0000 0.1671 0.1440 0.1623 -0.0151 -0.0099 -0.0084 0.9998
1694870196698362.0000 0.1964 0.2149 0.2460 0.5509 0.5575 0.5512 0.2861
1694870197198491.0000 0.1493 0.1701 0.1819 0.5452 0.5499 0.5456 0.3204
1694870197698180.0000 0.2195 0.1768 0.2378 -0.3519 -0.3507 -0.3458 0.7960
1694870198197907.0000 0.1355 0.0888 0.1235 -0.1670 -0.1639 -0.1606 0.9589
1694870198698216.0000 0.0091 0.0262 0.0476 0.3337 0.3378 0.3363 0.8133
1694870199198442.0000 -0.0582 -0.0322 -0.0172 -0.1745 -0.1725 -0.1742 0.9536
1694870199698309.0000 -0.0625 -0.0319 -0.0554 -0.1348 -0.1349 -0.1361 0.9722
1694870200198186.0000 -0.1007 -0.0748 -0.0490 0.2333 0.2367 0.2344 0.9136
1694870200698102.0000 -0.1547 -0.1103 -0.1342 -0.1540 -0.1535 -0.1557 0.9636
1694870201197823.0000 -0.2929 -0.2437 -0.2208 0.5669 0.5661 0.5667 -0.1923
1694870201697771.0000 -0.2788 -0.2023 -0.2218 0.5180 0.5169 0.5176 0.4435
1694870202197873.0000 -0.2527 -0.1893 -0.1986 0.5750 0.5740 0.5767 -0.0858
1694870202698246.0000 -0.2349 -0.1382 -0.1902 0.5362 0.5329 0.5368 0.3747
1694870203198451.0000 -0.2211 -0.1301 -0.1731 0.3135 0.3131 0.3108 0.8409
1694870203698422.0000 -0.1798 -0.1560 -0.1336 0.1075 0.1105 0.1085 0.9821
1694870204198360.0000 -0.1765 -0.1270 -0.1020 -0.2578 -0.2535 -0.2569 0.8962
1694870204698122.0000 -0.2120 -0.1858 -0.1007 -0.4230 -0.4189 -0.4189 0.6856
1694870205197834.0000 -0.2330 -0.1946 -0.1786 0.5089 0.5089 0.5111 -0.4699
1694870205697773.0000 -0.2592 -0.2333 -0.2478 0.5036 0.5055 0.5083 -0.4821
1694870206197804.0000 -0.2783 -0.1947 -0.1721 -0.0153 -0.0121 -0.0165 0.9997
1694870206698261.0000 -0.2430 -0.1971 -0.1513 0.5127 0.5112 0.5124 -0.4618
1694870207198410.0000 -0.2344 -0.1559 -0.1480 0.5762 0.5743 0.5761 -0.0792
1694870207698149.0000 -0.1629 -0.1443 -0.1194 0.1368 0.1400 0.1382 0.9709
1694870208197874.0000 -0.1711 -0.1054 -0.0530 0.5500 0.5511 0.5471 0.3074
1694870208698107.0000 -0.1167 -0.0485 -0.0101 0.5532 0.5536 0.5507 0.2902
1694870209198481.0000 -0.1472 -0.0658 -0.0180 0.5222 0.5231 0.5186 0.4299
1694870209698679.0000 -0.1897 -0.1350 -0.1227 -0.0225 -0.0193 -0.0229 0.9993
1694870210198840.0000 -0.2384 -0.2320 -0.1769 -0.4461 -0.4461 -0.4459 0.6349
1694870210698380.0000 -0.2441 -0.2397 -0.1784 0.5686 0.5716 0.5686 0.1633
1694870211197984.0000 -0.2953 -0.2239 -0.2150 -0.3792 -0.3768 -0.3797 0.7550
1694870211697686.0000 -0.2844 -0.2088 -0.2021 -0.1418 -0.1391 -0.1428 0.9696
1694870212197501.0000 -0.2466 -0.2166 -0.1883 -0.4680 -0.4673 -0.4684 0.5859
1694870212697918.0000 -0.2215 -0.1912 -0.1586 0.5028 0.5025 0.5036 -0.4910
1694870213198567.0000 -0.2308 -0.2029 -0.1508 -0.4896 -0.4883 -0.4887 0.5320
1694870213698973.0000 -0.2275 -0.2257 -0.1671 0.5757 0.5780 0.5771 -0.0377
1694870214199271.0000 -0.2733 -0.2319 -0.1732 0.5263 0.5245 0.5245 -0.4156
