1694870194697946.0000 0.0000 0.0000 0.0000 0.0000 0.0000 0.0000 1.0000
1694870195198377.0000 0.0772 0.0651 0.1175 -0.4250 -0.4248 -0.4249 0.6770
1694870195698182.0000 0.3851 -0.1095 0.2468 0.0489 0.0627 0.0874 0.9930
1694870196198004.0000 -0.1078 -0.0636 -0.0511 -0.4666 -0.4646 -0.4680 0.5894
1694870196698362.0000 -0.0628 -0.0195 0.0056 0.5298 0.5274 0.5303 -0.4000
1694870197198491.0000 0.0688 0.0934 0.1199 0.5364 0.5379 0.5368 0.3671
1694870197698180.0000 0.1675 0.1520 0.1906 -0.2986 -0.3015 -0.2926 0.8569
1694870198197907.0000 0.1096 0.0961 0.1267 -0.1671 -0.1669 -0.1588 0.9586
1694870198698216.0000 0.0175 0.0772 0.0828 0.5267 0.5254 0.5255 0.4129
1694870199198442.0000 -0.0402 0.0060 0.0016 0.5765 0.5761 0.5785 -0.0326
1694870199698309.0000 -0.0950 -0.0248 -0.0579 0.1420 0.1413 0.1388 0.9699
1694870200198186.0000 -0.1028 -0.0901 -0.0596 0.2759 0.2784 0.2768 0.8774
1694870200698102.0000 -0.1784 -0.1085 -0.1284 0.0977 0.0980 0.0946 0.9859
1694870201197823.0000 -0.3067 -0.2738 -0.2427 -0.4241 -0.4218 -0.4247 0.6796
1694870201697771.0000 -0.3232 -0.2466 -0.2299 0.5764 0.5729 0.5750 -0.0941
1694870202197873.0000 -0.3377 -0.2643 -0.2575 -0.4641 -0.4599 -0.4657 0.5969
1694870202698246.0000 -0.3709 -0.2460 -0.2637 0.5760 0.5696 0.5743 -0.1181
1694870203198451.0000 -0.2988 -0.2231 -0.2473 0.3335 0.3321 0.3307 0.8180
1694870203698422.0000 -0.3046 -0.1265 -0.3310 0.5678 0.5584 0.5784 -0.1767
1694870204198360.0000 -0.3088 -0.1682 -0.3595 0.5704 0.5586 0.5763 0.1745
1694870204698122.0000 -0.3594 -0.1726 -0.4605 0.3872 0.3710 0.3810 0.7532
1694870205197834.0000 -0.3275 -0.2004 -0.4000 0.5452 0.5368 0.5490 0.3365
1694870205697773.0000 -0.3032 -0.1904 -0.3760 0.5538 0.5475 0.5592 0.2843
1694870206197804.0000 -0.2585 -0.1228 -0.3136 0.5708 0.5593 0.5772 0.1678
1694870206698261.0000 -0.2755 -0.1125 -0.3073 0.5779 0.5672 0.5863 -0.0256
1694870207198410.0000 -0.2820 -0.1345 -0.3651 0.5033 0.4869 0.5036 0.5059
1694870207698149.0000 -0.2670 -0.1040 -0.3608 0.3794 0.3649 0.3739 0.7636
1694870208197874.0000 -0.3302 -0.1511 -0.3920 0.4404 0.4269 0.4360 0.6585
1694870208698107.0000 -0.2697 -0.1053 -0.2992 0.5774 0.5669 0.5860 -0.0429
1694870209198481.0000 -0.1766 -0.0313 -0.2209 0.1597 0.1470 0.1480 0.9649
1694870209698679.0000 -0.3322 -0.2096 -0.3757 0.5258 0.5240 0.5353 -0.4030
1694870210198840.0000 -0.3293 -0.2282 -0.3738 0.5324 0.5311 0.5412 -0.3764
1694870210698380.0000 -0.3000 -0.1958 -0.3694 0.5704 0.5674 0.5794 -0.1304
1694870211197984.0000 -0.3152 -0.1250 -0.3687 0.0470 0.0364 0.0339 0.9977
1694870211697686.0000 -0.2831 -0.0958 -0.3390 0.1824 0.1697 0.1702 0.9534
1694870212197501.0000 -0.2259 -0.0597 -0.2705 0.1861 0.1698 0.1714 0.9524
1694870212697918.0000 -0.2007 -0.0130 -0.2451 0.3454 0.3326 0.3377 0.8100
1694870213198567.0000 -0.1831 -0.0715 -0.2172 -0.4027 -0.4037 -0.4129 0.7102
1694870213698973.0000 -0.2263 -0.0015 -0.2082 0.4981 0.4857 0.4935 0.5220
1694870214199271.0000 -0.1702 -0.0558 -0.2068 -0.3592 -0.3611 -0.3697 0.7770
