1694870194702131.0000 0.0000 0.0000 0.0000 0.0000 0.0000 0.0000 1.0000
1694870195202123.0000 0.0000 0.0000 0.0000 0.0000 0.0000 0.0000 1.0000
1694870195702122.0000 0.0000 0.0000 0.0000 0.0000 0.0000 0.0000 1.0000
1694870196202120.0000 0.0000 0.0000 0.0000 0.0000 0.0000 0.0000 1.0000
1694870196702105.0000 0.0000 0.0000 0.0000 0.0000 0.0000 0.0000 1.0000
1694870197202179.0000 0.0000 0.0000 0.0000 0.0000 0.0000 0.0000 1.0000
1694870197702106.0000 0.0000 0.0000 0.0000 0.0000 0.0000 0.0000 1.0000
1694870198202111.0000 0.0000 0.0000 0.0000 0.0000 0.0000 0.0000 1.0000
1694870198702111.0000 0.0000 0.0000 0.0000 0.0000 0.0000 0.0000 1.0000
1694870199202112.0000 0.0000 0.0000 0.0000 0.0000 0.0000 0.0000 1.0000
1694870199702134.0000 0.0000 0.0000 0.0000 0.0000 0.0000 0.0000 1.0000
1694870200202122.0000 0.0000 0.0000 0.0000 0.0000 0.0000 0.0000 1.0000
1694870200702110.0000 0.0000 0.0000 0.0000 0.0000 0.0000 0.0000 1.0000
1694870201202112.0000 0.0000 0.0000 0.0000 0.0000 0.0000 0.0000 1.0000
1694870201702117.0000 0.0000 0.0000 0.0000 0.0000 0.0000 0.0000 1.0000
1694870202202099.0000 0.0000 0.0000 0.0000 0.0000 0.0000 0.0000 1.0000
1694870202702141.0000 0.0000 0.0000 0.0000 0.0000 0.0000 0.0000 1.0000
1694870203202140.0000 0.0000 0.0000 0.0000 0.0000 0.0000 0.0000 1.0000
1694870203702110.0000 0.0000 0.0000 0.0000 0.0000 0.0000 0.0000 1.0000
1694870204202120.0000 0.0000 0.0000 0.0000 0.0000 0.0000 0.0000 1.0000
1694870204702116.0000 0.0000 0.0000 0.0000 0.0000 0.0000 0.0000 1.0000
1694870205202126.0000 0.0000 0.0000 0.0000 0.0000 0.0000 0.0000 1.0000
1694870205702136.0000 0.0000 0.0000 0.0000 0.0000 0.0000 0.0000 1.0000
1694870206202119.0000 0.0000 0.0000 0.0000 0.0000 0.0000 0.0000 1.0000
1694870206702131.0000 0.0000 0.0000 0.0000 0.0000 0.0000 0.0000 1.0000
1694870207202144.0000 0.0000 0.0000 0.0000 0.0000 0.0000 0.0000 1.0000
1694870207702121.0000 0.0000 0.0000 0.0000 0.0000 0.0000 0.0000 1.0000
1694870208202119.0000 0.0000 0.0000 0.0000 0.0000 0.0000 0.0000 1.0000
1694870208702538.0000 0.0000 0.0000 0.0000 0.0000 0.0000 0.0000 1.0000
1694870209202109.0000 0.0000 0.0000 0.0000 0.0000 0.0000 0.0000 1.0000
1694870209702114.0000 0.0000 0.0000 0.0000 0.0000 0.0000 0.0000 1.0000
1694870210202114.0000 0.0000 0.0000 0.0000 0.0000 0.0000 0.0000 1.0000
1694870210702120.0000 0.0000 0.0000 0.0000 0.0000 0.0000 0.0000 1.0000
1694870211202131.0000 0.0000 0.0000 0.0000 0.0000 0.0000 0.0000 1.0000
1694870211702130.0000 0.0000 0.0000 0.0000 0.0000 0.0000 0.0000 1.0000
1694870212202109.0000 0.0000 0.0000 0.0000 0.0000 0.0000 0.0000 1.0000
1694870212702144.0000 0.0000 0.0000 0.0000 0.0000 0.0000 0.0000 1.0000
1694870213202111.0000 0.0000 0.0000 0.0000 0.0000 0.0000 0.0000 1.0000
1694870213702099.0000 0.0000 0.0000 0.0000 0.0000 0.0000 0.0000 1.0000
1694870214202113.0000 0.0000 0.0000 0.0000 0.0000 0.0000 0.0000 1.0000
