1694870194697946.0000 0.0000 0.0000 0.0000 0.0000 0.0000 0.0000 1.0000
1694870195198377.0000 0.0772 0.0651 0.1175 -0.4250 -0.4248 -0.4249 0.6770
1694870195698182.0000 0.3851 -0.1095 0.2468 0.0489 0.0627 0.0874 0.9930
1694870196198004.0000 -0.1078 -0.0636 -0.0511 -0.4667 -0.4647 -0.4680 0.5893
1694870196698362.0000 -0.0628 -0.0195 0.0056 0.5298 0.5274 0.5303 -0.4000
1694870197198491.0000 0.0688 0.0934 0.1199 0.5364 0.5379 0.5368 0.3671
1694870197698180.0000 0.1675 0.1520 0.1906 -0.2986 -0.3015 -0.2926 0.8569
1694870198197907.0000 0.1096 0.0961 0.1267 -0.1671 -0.1669 -0.1588 0.9586
1694870198698216.0000 0.0175 0.0772 0.0828 0.5267 0.5254 0.5255 0.4129
1694870199198442.0000 -0.0402 0.0060 0.0016 0.5765 0.5761 0.5785 -0.0326
1694870199698309.0000 -0.0950 -0.0248 -0.0579 0.1420 0.1413 0.1388 0.9699
1694870200198186.0000 -0.1028 -0.0901 -0.0596 0.2760 0.2784 0.2768 0.8773
1694870200698102.0000 -0.1784 -0.1085 -0.1284 0.0977 0.0980 0.0946 0.9859
1694870201197823.0000 -0.3067 -0.2738 -0.2427 -0.4241 -0.4218 -0.4247 0.6796
1694870201697771.0000 -0.3232 -0.2466 -0.2299 0.5764 0.5729 0.5750 -0.0941
1694870202197873.0000 -0.3377 -0.2643 -0.2575 -0.4641 -0.4599 -0.4657 0.5969
1694870202698246.0000 -0.3709 -0.2460 -0.2637 0.5760 0.5696 0.5743 -0.1181
1694870203198451.0000 -0.2988 -0.2231 -0.2473 0.3335 0.3321 0.3307 0.8180
1694870203698422.0000 -0.3071 -0.2159 -0.2444 0.5720 0.5674 0.5729 -0.1507
1694870204198360.0000 -0.2827 -0.2536 -0.2157 0.4856 0.4871 0.4852 0.5399
1694870204698122.0000 -0.2949 -0.2582 -0.1784 0.5422 0.5392 0.5394 -0.3526
1694870205197834.0000 -0.2559 -0.2202 -0.2153 -0.3715 -0.3703 -0.3747 0.7645
1694870205697773.0000 -0.2527 -0.2111 -0.2218 -0.3463 -0.3456 -0.3504 0.7987
1694870206197804.0000 -0.2793 -0.2193 -0.2084 -0.1899 -0.1869 -0.1915 0.9446
1694870206698261.0000 -0.2784 -0.2109 -0.2214 0.5229 0.5200 0.5249 -0.4251
1694870207198410.0000 -0.2965 -0.2341 -0.2149 0.5299 0.5263 0.5303 -0.4012
1694870207698149.0000 -0.2789 -0.2290 -0.2172 0.1143 0.1182 0.1204 0.9790
1694870208197874.0000 -0.2559 -0.2409 -0.2103 -0.3525 -0.3512 -0.3536 0.7921
1694870208698107.0000 -0.2720 -0.2045 -0.2130 0.5186 0.5157 0.5205 -0.4407
1694870209198481.0000 -0.2863 -0.2358 -0.2235 0.5509 0.5486 0.5517 -0.3017
1694870209698679.0000 -0.2873 -0.2827 -0.2383 -0.1958 -0.1937 -0.1955 0.9412
1694870210198840.0000 -0.2803 -0.2859 -0.2556 -0.2107 -0.2101 -0.2110 0.9311
1694870210698380.0000 -0.2969 -0.2916 -0.2731 0.5669 0.5679 0.5689 -0.1804
1694870211197984.0000 -0.3412 -0.2738 -0.2846 0.2270 0.2267 0.2241 0.9202
1694870211697686.0000 -0.3450 -0.2870 -0.2851 -0.2793 -0.2766 -0.2808 0.8756
1694870212197501.0000 -0.3335 -0.2430 -0.2937 0.0668 0.0659 0.0621 0.9937
1694870212697918.0000 -0.3168 -0.2291 -0.2570 0.3631 0.3611 0.3596 0.7801
1694870213198567.0000 -0.2718 -0.2486 -0.1904 0.5160 0.5140 0.5151 -0.4519
1694870213698973.0000 -0.2035 -0.1253 -0.1313 -0.0455 -0.0433 -0.0484 0.9968
1694870214199271.0000 -0.0593 -0.0646 -0.0317 -0.0542 -0.0525 -0.0535 0.9957
