1694870194702131.0000 0.0000 0.0000 0.0000 0.0000 0.0000 0.0000 1.0000
1694870195202123.0000 0.0794 0.0671 0.1195 -0.4250 -0.4248 -0.4249 0.6770
1694870195702122.0000 0.3892 -0.1099 0.2499 0.0488 0.0625 0.0872 0.9930
1694870196202120.0000 0.1666 0.1443 0.1625 -0.0150 -0.0098 -0.0083 0.9998
1694870196702105.0000 0.1960 0.2152 0.2461 0.5506 0.5572 0.5508 0.2881
1694870197202179.0000 0.1490 0.1702 0.1820 0.5451 0.5497 0.5455 0.3212
1694870197702106.0000 0.2192 0.1769 0.2380 -0.3522 -0.3510 -0.3461 0.7956
1694870198202111.0000 0.1352 0.0889 0.1237 -0.1676 -0.1646 -0.1612 0.9586
1694870198702111.0000 0.0089 0.0263 0.0478 0.3361 0.3401 0.3387 0.8103
1694870199202112.0000 -0.0583 -0.0321 -0.0172 -0.1751 -0.1731 -0.1748 0.9533
1694870199702134.0000 -0.0625 -0.0319 -0.0554 -0.1353 -0.1355 -0.1367 0.9719
1694870200202122.0000 -0.1101 -0.0532 -0.0341 -0.5005 -0.4975 -0.4995 0.5025
1694870200702110.0000 -0.1083 -0.1151 -0.1007 -0.3635 -0.3642 -0.3640 0.7763
1694870201202112.0000 -0.2667 -0.2335 -0.2080 -0.4731 -0.4716 -0.4732 0.5743
1694870201702117.0000 -0.2748 -0.1988 -0.1964 0.5780 0.5757 0.5769 0.0412
1694870202202099.0000 -0.2461 -0.1821 -0.1796 0.5060 0.5033 0.5072 -0.4831
1694870202702141.0000 -0.2796 -0.1847 -0.1916 0.5790 0.5752 0.5776 0.0170
1694870203202140.0000 -0.2814 -0.2012 -0.2026 0.4385 0.4386 0.4362 0.6520
1694870203702110.0000 -0.1989 -0.1715 -0.1653 0.3627 0.3640 0.3633 0.7772
1694870204202120.0000 -0.1533 -0.1256 -0.0908 -0.1158 -0.1121 -0.1145 0.9803
1694870204702116.0000 -0.1822 -0.2046 -0.1174 -0.2939 -0.2911 -0.2905 0.8628
1694870205202126.0000 -0.2435 -0.2142 -0.2008 -0.3736 -0.3724 -0.3752 0.7622
1694870205702136.0000 -0.2608 -0.2012 -0.2367 -0.3476 -0.3472 -0.3526 0.7964
1694870206202119.0000 -0.2562 -0.2232 -0.1769 0.5260 0.5278 0.5257 0.4103
1694870206702131.0000 -0.2748 -0.2128 -0.1876 0.5257 0.5257 0.5243 0.4151
1694870207202144.0000 -0.2726 -0.2093 -0.1927 0.5191 0.5161 0.5193 -0.4410
1694870207702121.0000 -0.2814 -0.2043 -0.1954 0.5759 0.5738 0.5747 0.0934
1694870208202119.0000 -0.2534 -0.2379 -0.2060 -0.3656 -0.3643 -0.3657 0.7745
1694870208702538.0000 -0.2661 -0.2154 -0.1726 -0.4984 -0.4957 -0.4971 0.5086
1694870209202109.0000 -0.2633 -0.2367 -0.1736 0.5473 0.5466 0.5458 -0.3221
1694870209702114.0000 -0.2453 -0.2415 -0.1994 -0.2447 -0.2428 -0.2437 0.9065
1694870210202114.0000 -0.2370 -0.2473 -0.2154 -0.2591 -0.2586 -0.2585 0.8940
1694870210702120.0000 -0.2403 -0.2223 -0.1453 0.2895 0.2948 0.2906 0.8630
1694870211202131.0000 -0.1966 -0.1601 -0.1307 0.2241 0.2270 0.2241 0.9209
1694870211702130.0000 -0.1360 -0.1131 -0.0764 0.5769 0.5779 0.5769 -0.0205
1694870212202109.0000 -0.0615 -0.0471 -0.0204 -0.3559 -0.3550 -0.3556 0.7880
1694870212702144.0000 -0.0378 -0.0154 0.0077 -0.1032 -0.1011 -0.1036 0.9841
1694870213202111.0000 -0.0444 -0.0492 -0.0113 -0.1741 -0.1722 -0.1722 0.9541
1694870213702099.0000 0.2507 -0.2872 0.1476 0.4691 0.5041 0.4949 0.5300
1694870214202113.0000 0.2332 -0.2716 0.1286 0.5633 0.5953 0.5729 0.0096
