1694870194697946.0000 0.0000 0.0000 0.0000 0.0000 0.0000 0.0000 1.0000
1694870195198377.0000 1.0718 -0.0020 0.0115 0.0020 0.0027 -0.0005 1.0000
1694870195698182.0000 2.2114 0.0144 -0.0672 0.0051 -0.0172 -0.0008 0.9998
1694870196198004.0000 3.3759 0.0058 0.0401 -0.0001 -0.0010 -0.0000 1.0000
1694870196698362.0000 4.5121 0.0056 0.0547 -0.0017 0.0015 0.0011 1.0000
1694870197198491.0000 5.5308 0.0213 -0.0328 0.0007 -0.0041 0.0011 1.0000
1694870197698180.0000 6.6791 0.0289 -0.0084 0.0027 -0.0101 0.0011 0.9999
1694870198197907.0000 7.8874 0.0298 0.0556 -0.0011 0.0004 0.0018 1.0000
1694870198698216.0000 9.0618 0.0437 0.1049 -0.0003 0.0073 0.0033 1.0000
1694870199198442.0000 10.1775 0.0743 -0.0419 0.0034 -0.0006 0.0070 1.0000
1694870199698309.0000 11.4210 0.1055 0.0753 0.0051 0.0043 0.0148 0.9999
1694870200198186.0000 12.6251 0.1426 0.0767 -0.0004 0.0111 0.0272 0.9996
1694870200698102.0000 13.7186 0.2330 -0.0474 0.0031 0.0076 0.0406 0.9991
1694870201197823.0000 14.9663 0.3532 -0.0016 0.0061 0.0003 0.0580 0.9983
1694870201697771.0000 16.1694 0.5204 0.0139 -0.0032 0.0140 0.0804 0.9967
1694870202197873.0000 17.2764 0.7215 -0.0608 -0.0030 0.0144 0.1027 0.9946
1694870202698246.0000 18.5167 1.0221 -0.1147 0.0051 -0.0008 0.1266 0.9919
1694870203198451.0000 19.7135 1.3612 -0.0753 -0.0037 0.0181 0.1567 0.9875
1694870203698422.0000 20.8096 1.7611 -0.0986 -0.0055 0.0194 0.1863 0.9823
1694870204198360.0000 21.8147 2.1861 -0.1365 -0.0034 0.0175 0.2142 0.9766
1694870204698122.0000 22.7566 2.6424 -0.1896 -0.0031 0.0137 0.2416 0.9703
1694870205197834.0000 23.6710 3.1511 -0.2285 -0.0026 0.0147 0.2675 0.9634
1694870205697773.0000 24.5504 3.7117 -0.2315 -0.0054 0.0173 0.2921 0.9562
1694870206197804.0000 25.4214 4.3228 -0.3106 -0.0014 0.0117 0.3138 0.9494
1694870206698261.0000 26.2755 4.9966 -0.3213 -0.0028 0.0148 0.3330 0.9428
1694870207198410.0000 27.1303 5.7124 -0.3649 -0.0023 0.0130 0.3495 0.9369
1694870207698149.0000 27.9817 6.4595 -0.3923 -0.0035 0.0128 0.3624 0.9319
1694870208197874.0000 28.8186 7.2365 -0.4253 -0.0030 0.0127 0.3718 0.9282
1694870208698107.0000 29.6359 8.0293 -0.4614 -0.0037 0.0135 0.3782 0.9256
1694870209198481.0000 30.4208 8.8182 -0.4805 -0.0059 0.0155 0.3815 0.9242
1694870209698679.0000 31.1258 9.5158 -0.4799 -0.0066 0.0176 0.3832 0.9235
1694870210198840.0000 31.7603 10.1600 -0.5115 -0.0037 0.0153 0.3834 0.9235
1694870210698380.0000 32.3891 10.7871 -0.5693 -0.0026 0.0112 0.3829 0.9237
1694870211197984.0000 33.0455 11.4427 -0.5976 -0.0010 0.0108 0.3819 0.9241
1694870211697686.0000 33.7415 12.1290 -0.6284 -0.0016 0.0103 0.3801 0.9249
1694870212197501.0000 34.4556 12.8393 -0.6594 -0.0019 0.0123 0.3764 0.9264
1694870212697918.0000 35.1773 13.5345 -0.6667 -0.0018 0.0139 0.3727 0.9278
1694870213198567.0000 35.9018 14.2471 -0.6896 -0.0022 0.0147 0.3698 0.9290
1694870213698973.0000 36.5896 14.8675 -0.6659 -0.0071 0.0119 0.3676 0.9299
1694870214199271.0000 37.2545 15.5190 -0.7457 -0.0008 0.0084 0.3665 0.9304
