1694870194697946.0000 0.0000 0.0000 0.0000 0.0000 0.0000 0.0000 1.0000
1694870195198377.0000 0.0772 0.0651 0.1175 -0.4250 -0.4248 -0.4249 0.6770
1694870195698182.0000 0.3851 -0.1095 0.2468 0.0489 0.0627 0.0874 0.9930
1694870196198004.0000 0.1063 0.1234 0.1536 -0.3171 -0.3148 -0.3173 0.8365
1694870196698362.0000 -0.0421 0.0073 0.0322 0.5674 0.5650 0.5671 -0.1931
1694870197198491.0000 -0.0625 -0.0327 -0.0011 0.4941 0.4964 0.4946 0.5147
1694870197698180.0000 0.1278 0.1393 0.1667 -0.3145 -0.3119 -0.3165 0.8388
1694870198197907.0000 0.1189 0.0794 0.1023 -0.0576 -0.0575 -0.0561 0.9951
1694870198698216.0000 0.0974 0.1559 0.1691 0.4946 0.4946 0.4927 0.5177
1694870199198442.0000 0.1195 0.1550 0.1765 0.5259 0.5268 0.5254 0.4121
1694870199698309.0000 -0.0583 -0.0575 -0.0359 -0.3420 -0.3418 -0.3424 0.8056
1694870200198186.0000 -0.1412 -0.0433 -0.0471 -0.3182 -0.3135 -0.3212 0.8351
1694870200698102.0000 -0.1464 -0.1554 -0.1024 0.5762 0.5774 0.5774 -0.0353
1694870201197823.0000 -0.2888 -0.2424 -0.2572 -0.3035 -0.3030 -0.3068 0.8497
1694870201697771.0000 -0.3074 -0.1991 -0.2429 0.5782 0.5742 0.5792 -0.0218
1694870202197873.0000 -0.2573 -0.2150 -0.1911 -0.1186 -0.1155 -0.1199 0.9789
1694870202698246.0000 -0.2566 -0.2288 -0.1758 -0.3857 -0.3814 -0.3843 0.7470
1694870203198451.0000 -0.2722 -0.1936 -0.1869 0.5636 0.5607 0.5611 0.2307
1694870203698422.0000 -0.2965 -0.2447 -0.2408 0.3579 0.3579 0.3566 0.7852
1694870204198360.0000 -0.3316 -0.3534 -0.1648 0.4470 0.4640 0.4405 0.6252
1694870204698122.0000 -0.3622 -0.3838 -0.2490 0.2750 0.2946 0.2769 0.8723
1694870205197834.0000 -0.3825 -0.4286 -0.2088 0.4889 0.5061 0.4810 0.5229
1694870205697773.0000 -0.3614 -0.4300 -0.1838 0.5047 0.5226 0.4963 0.4753
1694870206197804.0000 -0.2807 -0.3080 -0.1197 0.4493 0.4666 0.4430 0.6198
1694870206698261.0000 -0.2753 -0.2788 -0.1179 0.5133 0.5249 0.5023 0.4568
1694870207198410.0000 -0.2891 -0.2612 -0.1427 -0.4900 -0.4756 -0.4690 0.5601
1694870207698149.0000 -0.2958 -0.2897 -0.1471 0.5590 0.5653 0.5448 0.2669
1694870208197874.0000 -0.3317 -0.3417 -0.1549 0.5221 0.5336 0.5099 0.4275
1694870208698107.0000 -0.2874 -0.2887 -0.1288 0.5181 0.5292 0.5067 0.4413
1694870209198481.0000 -0.2537 -0.2569 -0.1291 0.1102 0.1322 0.1168 0.9781
1694870209698679.0000 -0.3491 -0.3624 -0.1925 0.5142 0.5259 0.5036 0.4533
1694870210198840.0000 -0.3955 -0.4046 -0.1920 0.5517 0.5607 0.5363 0.3059
1694870210698380.0000 -0.4039 -0.4020 -0.1992 0.2603 0.2840 0.2616 0.8850
1694870211197984.0000 -0.4039 -0.4073 -0.2079 -0.1194 -0.0937 -0.1037 0.9830
1694870211697686.0000 -0.3425 -0.3655 -0.1904 -0.4615 -0.4480 -0.4405 0.6263
1694870212197501.0000 -0.3237 -0.3470 -0.1487 0.5383 0.5491 0.5254 0.3642
1694870212697918.0000 -0.2890 -0.2846 -0.1246 0.2786 0.3002 0.2790 0.8686
1694870213198567.0000 -0.2212 -0.2731 -0.0801 -0.3605 -0.3425 -0.3390 0.7986
1694870213698973.0000 -0.2773 -0.3115 -0.0942 0.5024 0.5176 0.4923 0.4873
1694870214199271.0000 -0.3376 -0.3245 -0.1672 0.5119 0.5229 0.5001 0.4630
